Utilization Ratios 
Util_NF Column 	 Util_NF Brace 
            0.150101             0.000029
            0.150101             0.000029
            0.150100             0.000028
            0.150099             0.000028
            0.150098             0.000028
            0.150097             0.000028
            0.150095             0.000027
            0.150093             0.000027
            0.150091             0.000027
            0.150088             0.000027
            0.150085             0.000027
            0.150082             0.000027
            0.150079             0.000027
            0.150075             0.000027
            0.150071             0.000027
            0.150067             0.000027
            0.150063             0.000027
            0.150058             0.000027
            0.150053             0.000027
            0.150048             0.000027
            0.150043             0.000028
            0.150037             0.000028
            0.150032             0.000028
            0.150026             0.000028
            0.150019             0.000029
            0.150013             0.000262
            0.150006             0.000262
            0.149999             0.000262
            0.149992             0.000262
            0.149985             0.000262
            0.149977             0.000263
            0.149970             0.000263
            0.149962             0.000263
            0.149954             0.000263
            0.149946             0.000263
            0.149937             0.000263
            0.149929             0.000263
            0.149920             0.000263
            0.149911             0.000263
            0.149902             0.000263
            0.149893             0.000263
            0.149883             0.000263
            0.149874             0.000263
            0.149864             0.000263
            0.149854             0.000263
            0.149845             0.000262
            0.149835             0.000262
            0.149824             0.000262
            0.149814             0.000262
            0.149804             0.000262
            0.149793             0.000057
            0.149783             0.000057
            0.149772             0.000056
            0.149762             0.000056
            0.149751             0.000056
            0.149740             0.000056
            0.149729             0.000055
            0.149718             0.000055
            0.149707             0.000055
            0.149696             0.000055
            0.149685             0.000055
            0.149674             0.000055
            0.149663             0.000055
            0.149651             0.000055
            0.149640             0.000055
            0.149629             0.000055
            0.149618             0.000055
            0.149606             0.000055
            0.149595             0.000055
            0.149584             0.000056
            0.149573             0.000056
            0.149561             0.000056
            0.149550             0.000056
            0.149539             0.000057
            0.149528             0.000057
            0.149516             0.000260
            0.149505             0.000261
            0.149494             0.000261
            0.149483             0.000261
            0.149472             0.000261
            0.149461             0.000262
            0.149451             0.000262
            0.149440             0.000262
            0.149429             0.000262
            0.149419             0.000262
            0.149408             0.000262
            0.149398             0.000262
            0.149387             0.000262
            0.149377             0.000262
            0.149367             0.000262
            0.149357             0.000262
            0.149347             0.000262
            0.149337             0.000262
            0.149328             0.000262
            0.149318             0.000262
            0.149309             0.000262
            0.149299             0.000262
            0.149290             0.000262
            0.149281             0.000261
            0.149272             0.000261
            0.149264             0.341376
            0.149255             0.341375
            0.149247             0.341375
            0.149239             0.341375
            0.149231             0.341375
            0.149223             0.341375
            0.149215             0.341375
            0.149208             0.341375
            0.149200             0.341375
            0.149193             0.341375
            0.149186             0.341375
            0.149179             0.341375
            0.149173             0.341375
            0.149166             0.341375
            0.149160             0.341375
            0.149154             0.341375
            0.149148             0.341375
            0.149143             0.341375
            0.149137             0.341375
            0.149132             0.341375
            0.149127             0.341375
            0.149122             0.341375
            0.149118             0.341375
            0.149114             0.341375
            0.149109             0.341375
            0.149106             0.353896
            0.149102             0.353780
            0.149099             0.353719
            0.149095             0.353700
            0.149092             0.353713
            0.149090             0.353747
            0.149087             0.353795
            0.149085             0.353849
            0.149083             0.353904
            0.149081             0.353954
            0.149080             0.353995
            0.149078             0.354025
            0.149077             0.354041
            0.149076             0.354043
            0.149076             0.354031
            0.149075             0.354005
            0.149075             0.353967
            0.149075             0.353919
            0.149076             0.353867
            0.149076             0.353813
            0.149077             0.353764
            0.149078             0.353727
            0.149079             0.353710
            0.149081             0.353722
            0.149083             0.353774
            0.149085             0.353292
            0.149087             0.353188
            0.149089             0.353136
            0.149092             0.353124
            0.149095             0.353141
            0.149098             0.353178
            0.149101             0.353227
            0.149105             0.353280
            0.149109             0.353333
            0.149113             0.353380
            0.149117             0.353418
            0.149122             0.353444
            0.149126             0.353456
            0.149131             0.353454
            0.149136             0.353438
            0.149142             0.353408
            0.149147             0.353366
            0.149153             0.353316
            0.149159             0.353262
            0.149165             0.353208
            0.149172             0.353160
            0.149178             0.353125
            0.149185             0.353113
            0.149192             0.353131
            0.149199             0.353193
            0.149206             0.365922
            0.149214             0.365922
            0.149222             0.365922
            0.149229             0.365922
            0.149237             0.365922
            0.149246             0.365922
            0.149254             0.365922
            0.149262             0.365922
            0.149271             0.365922
            0.149280             0.365922
            0.149289             0.365922
            0.149298             0.365922
            0.149307             0.365922
            0.149317             0.365922
            0.149326             0.365922
            0.149336             0.365922
            0.149346             0.365922
            0.149356             0.365922
            0.149365             0.365922
            0.149376             0.365922
            0.149386             0.365922
            0.149396             0.365922
            0.149407             0.365922
            0.149417             0.365922
            0.149428             0.365922
            0.165399             0.803307
            0.165398             0.803357
            0.165398             0.803406
            0.165397             0.803452
            0.165395             0.803496
            0.165394             0.803538
            0.165392             0.803577
            0.165390             0.803612
            0.165387             0.803645
            0.165384             0.803674
            0.165381             0.803700
            0.165378             0.803722
            0.165374             0.803741
            0.165370             0.803756
            0.165366             0.803768
            0.165362             0.803777
            0.165357             0.803782
            0.165352             0.803786
            0.165347             0.803786
            0.165341             0.803784
            0.165335             0.803780
            0.165329             0.803775
            0.165323             0.803768
            0.165316             0.803760
            0.165310             0.803752
            0.165303             0.803743
            0.165296             0.803734
            0.165288             0.803726
            0.165280             0.803732
            0.165273             0.803740
            0.165264             0.803748
            0.165256             0.803757
            0.165248             0.803766
            0.165239             0.803774
            0.165230             0.803782
            0.165221             0.803789
            0.165212             0.803795
            0.165202             0.803798
            0.165193             0.803800
            0.165183             0.803800
            0.165173             0.803797
            0.165163             0.803791
            0.165153             0.803782
            0.165143             0.803770
            0.165132             0.803755
            0.165122             0.803736
            0.165111             0.803714
            0.165100             0.803688
            0.165089             0.803659
            0.165078             0.803627
            0.165067             0.803591
            0.165056             0.803552
            0.165045             0.803511
            0.165033             0.803466
            0.165022             0.803420
            0.165010             0.803371
            0.164999             0.775659
            0.164987             0.775634
            0.164976             0.775611
            0.164964             0.775591
            0.164952             0.775575
            0.164940             0.775563
            0.164928             0.775557
            0.164917             0.775555
            0.164905             0.775558
            0.164893             0.775566
            0.164881             0.775579
            0.164869             0.775596
            0.164857             0.775616
            0.164846             0.775638
            0.164834             0.775662
            0.164822             0.775686
            0.164810             0.775709
            0.164799             0.775730
            0.164787             0.775748
            0.164776             0.775760
            0.164764             0.775766
            0.164753             0.775765
            0.164741             0.775754
            0.164730             0.775733
            0.164719             0.775702
            0.164708             0.775658
            0.164697             0.775602
            0.164686             0.775533
            0.164675             0.775661
            0.164664             0.775636
            0.164653             0.775613
            0.164643             0.775593
            0.164633             0.775577
            0.164622             0.775566
            0.164612             0.775559
            0.164602             0.775557
            0.164592             0.775560
            0.164583             0.775569
            0.164573             0.775581
            0.164564             0.775598
            0.164555             0.775618
            0.164546             0.775640
            0.164537             0.775664
            0.164528             0.775688
            0.164520             0.775712
            0.164511             0.775732
            0.164503             0.775750
            0.164495             0.775762
            0.164487             0.775768
            0.164480             0.775766
            0.164472             0.775756
            0.164465             0.775735
            0.164458             0.775704
            0.164452             0.775660
            0.164445             0.775604
            0.164439             0.775535
            0.164433             0.000156
            0.164427             0.000156
            0.164421             0.000156
            0.164416             0.000156
            0.164410             0.000156
            0.164405             0.000156
            0.164401             0.000156
            0.164396             0.000156
            0.164392             0.000156
            0.164388             0.000156
            0.164384             0.000156
            0.164381             0.000157
            0.164377             0.000157
            0.164374             0.000157
            0.164372             0.000157
            0.164369             0.000157
            0.164367             0.000157
            0.164365             0.000157
            0.164363             0.000157
            0.164362             0.000157
            0.164360             0.000157
            0.164359             0.000157
            0.164358             0.000157
            0.164358             0.000157
            0.164358             0.000157
            0.164358             0.000157
            0.164358             0.000157
            0.164359             0.000157
            0.164359             0.000157
            0.164360             0.000157
            0.164362             0.000157
            0.164363             0.000157
            0.164365             0.000157
            0.164367             0.000157
            0.164369             0.000157
            0.164372             0.000157
            0.164375             0.000157
            0.164378             0.000157
            0.164381             0.000157
            0.164384             0.000157
            0.164388             0.000157
            0.164392             0.000157
            0.164396             0.000157
            0.164401             0.000157
            0.164406             0.000157
            0.164411             0.000157
            0.164416             0.000157
            0.164421             0.000157
            0.164427             0.000156
            0.164433             0.000156
            0.164439             0.000156
            0.164445             0.000156
            0.164451             0.000156
            0.164458             0.000156
            0.164465             0.000156
            0.164472             0.000156
            0.164480             0.000156
            0.164487             0.000156
            0.164495             0.000156
            0.164503             0.000156
            0.164511             0.000156
            0.164519             0.000155
            0.164527             0.000155
            0.164536             0.000155
            0.164545             0.000155
            0.164554             0.000155
            0.164563             0.000155
            0.164572             0.000155
            0.164582             0.000155
            0.164591             0.000154
            0.164601             0.000154
            0.164611             0.000154
            0.164621             0.000154
            0.164631             0.000154
            0.164641             0.000154
            0.164652             0.000154
            0.164662             0.000153
            0.164673             0.000153
            0.164683             0.000153
            0.164694             0.000153
            0.164705             0.000153
            0.164716             0.000152
            0.164727             0.000152
            0.164738             0.000152
            0.164749             0.000152
            0.164761             0.000152
            0.164772             0.000152
            0.164783             0.000151
            0.150122             0.000151
            0.150122             0.000151
            0.150121             0.000151
            0.150120             0.000150
            0.150119             0.000150
            0.150117             0.000150
            0.150116             0.000150
            0.150114             0.000149
            0.150111             0.000149
            0.150109             0.000149
            0.150106             0.000149
            0.150103             0.000148
            0.150100             0.000148
            0.150096             0.000148
            0.150092             0.000148
            0.150088             0.000147
            0.150084             0.002300
            0.150079             0.002311
            0.150074             0.002321
            0.150069             0.002331
            0.150064             0.002340
            0.150058             0.002350
            0.150052             0.002358
            0.150046             0.002367
            0.150040             0.002375
            0.150033             0.002382
            0.150027             0.002390
            0.150020             0.002397
            0.150013             0.002403
            0.150006             0.002410
            0.149998             0.002416
            0.149990             0.002422
            0.149982             0.002427
            0.149974             0.002432
            0.149966             0.002437
            0.149958             0.002442
            0.149949             0.002446
            0.149940             0.002451
            0.149932             0.002454
            0.149922             0.002458
            0.149913             0.002461
            0.149904             0.002464
            0.149894             0.002467
            0.149885             0.002470
            0.149875             0.002472
            0.149865             0.002474
            0.149855             0.002476
            0.149845             0.002478
            0.149835             0.002479
            0.149825             0.002480
            0.149814             0.002481
            0.149804             0.002482
            0.149793             0.002482
            0.149782             0.002482
            0.149772             0.002483
            0.149761             0.002482
            0.149750             0.002482
            0.149739             0.002481
            0.149728             0.002480
            0.149717             0.002479
            0.149706             0.002478
            0.149694             0.002476
            0.149683             0.002475
            0.149672             0.002473
            0.149661             0.002471
            0.149649             0.002468
            0.149638             0.002466
            0.149627             0.002463
            0.149616             0.002460
            0.149604             0.002456
            0.149593             0.002453
            0.149582             0.002449
            0.149571             0.002445
            0.149559             0.002441
            0.149548             0.002437
            0.149537             0.002432
            0.149526             0.002427
            0.149515             0.002422
            0.149504             0.002416
            0.149493             0.002411
            0.149482             0.002405
            0.149471             0.002399
            0.149461             0.002392
            0.149450             0.002385
            0.149439             0.002378
            0.149429             0.002371
            0.149418             0.002364
            0.149408             0.002356
            0.149398             0.002348
            0.149388             0.002339
            0.149378             0.002331
            0.149368             0.002322
            0.149358             0.002312
            0.149348             0.002303
            0.149339             0.002293
            0.149329             0.002282
            0.149320             0.002272
            0.149311             0.002261
            0.149302             0.002249
            0.149293             0.002238
            0.149284             0.002226
            0.149276             0.002213
            0.149268             0.002200
            0.149259             0.002187
            0.149251             0.002174
            0.149243             0.002160
            0.149236             0.002145
            0.149228             0.002130
            0.149221             0.002115
            0.149214             0.002099
            0.149207             0.002083
            0.149200             0.002066
            0.149193             0.002049
            0.149187             0.002032
            0.149181             0.002013
            0.149175             0.000570
            0.149169             0.000580
            0.149163             0.000589
            0.149158             0.000598
            0.149153             0.000606
            0.149148             0.000613
            0.149143             0.000619
            0.149139             0.000625
            0.149134             0.000629
            0.149130             0.000633
            0.149126             0.000635
            0.149123             0.000637
            0.149119             0.000638
            0.149116             0.000638
            0.149113             0.000637
            0.149110             0.000635
            0.149108             0.000632
            0.149106             0.000628
            0.149104             0.000623
            0.149102             0.000618
            0.149100             0.000611
            0.149099             0.000604
            0.149098             0.000596
            0.149097             0.000587
            0.149096             0.000578
            0.149096             0.000186
            0.149096             0.000186
            0.149096             0.000186
            0.149096             0.000186
            0.149097             0.000186
            0.149098             0.000186
            0.149099             0.000186
            0.149100             0.000186
            0.149102             0.000186
            0.149103             0.000186
            0.149105             0.000186
            0.149108             0.000186
            0.149110             0.000187
            0.149113             0.000187
            0.149116             0.000187
            0.149119             0.000187
            0.149122             0.000187
            0.149126             0.000187
            0.149130             0.000187
            0.149134             0.000187
            0.149138             0.000187
            0.149143             0.000187
            0.149147             0.000187
            0.149152             0.000187
            0.149157             0.000187
            0.149163             0.000187
            0.149168             0.000187
            0.149174             0.000187
            0.149180             0.000187
            0.149186             0.000187
            0.149193             0.000188
            0.149199             0.000188
            0.149206             0.000188
            0.149213             0.000188
            0.149220             0.000188
            0.149227             0.000188
            0.149235             0.000188
            0.149242             0.000188
            0.149250             0.000188
            0.149258             0.000188
            0.149267             0.000188
            0.149275             0.000188
            0.149283             0.000188
            0.149292             0.000188
            0.149301             0.000188
            0.149310             0.000188
            0.149319             0.000188
            0.149328             0.000188
            0.149338             0.000188
            0.149347             0.000188
            0.149357             0.000188
            0.149367             0.000188
            0.149376             0.000188
            0.149386             0.000188
            0.149397             0.000188
            0.149407             0.000188
            0.149417             0.000188
            0.149428             0.000188
            0.149438             0.000188
            0.149449             0.000188
            0.165377             0.000188
            0.165377             0.000188
            0.165376             0.000188
            0.165375             0.000188
            0.165374             0.000188
            0.165373             0.000188
            0.165371             0.000188
            0.165368             0.000188
            0.165366             0.000188
            0.165363             0.000188
            0.165360             0.000188
            0.165357             0.000188
            0.165353             0.000188
            0.165349             0.000187
            0.165345             0.000187
            0.165340             0.000187
            0.165336             0.000187
            0.165331             0.000187
            0.165325             0.000187
            0.165320             0.000187
            0.165314             0.000187
            0.165308             0.000187
            0.165302             0.000187
            0.165295             0.000187
            0.165288             0.000187
            0.165281             0.000187
            0.165274             0.000187
            0.165267             0.000186
            0.165259             0.000186
            0.165251             0.000186
            0.165243             0.000186
            0.165235             0.000186
            0.165226             0.000186
            0.165218             0.000186
            0.165209             0.000186
            0.165200             0.000186
            0.165190             0.000186
            0.165181             0.000185
            0.165172             0.000185
            0.165162             0.000185
            0.165152             0.000185
            0.165142             0.000185
            0.165132             0.000185
            0.165121             0.000185
            0.165111             0.000197
            0.165100             0.000197
            0.165090             0.000198
            0.165079             0.000198
            0.165068             0.000198
            0.165057             0.000199
            0.165046             0.000199
            0.165035             0.000199
            0.165023             0.000199
            0.165012             0.000199
            0.165000             0.000199
            0.164989             0.000199
            0.164977             0.000199
            0.164966             0.000199
            0.164954             0.000199
            0.164942             0.000199
            0.164931             0.000199
            0.164919             0.000199
            0.164907             0.000199
            0.164895             0.000199
            0.164883             0.000198
            0.164871             0.000198
            0.164860             0.000198
            0.164848             0.000197
            0.164836             0.000197
            0.164824             0.000036
            0.164812             0.000027
            0.164801             0.000019
            0.164789             0.000011
            0.164777             0.000004
            0.164766             0.000003
            0.164754             0.000008
            0.164743             0.000013
            0.164731             0.000017
            0.164720             0.000020
            0.164708             0.000023
            0.164697             0.000024
            0.164686             0.000025
            0.164675             0.000025
            0.164664             0.000024
            0.164653             0.000022
            0.164643             0.000020
            0.164632             0.000016
            0.164621             0.000012
            0.164611             0.000007
            0.164601             0.000001
            0.164591             0.000005
            0.164581             0.000012
            0.164571             0.000020
            0.164561             0.000029
            0.164552             0.000459
            0.164542             0.000459
            0.164533             0.000459
            0.164524             0.000459
            0.164515             0.000459
            0.164507             0.000459
            0.164498             0.000459
            0.164490             0.000459
            0.164482             0.000459
            0.164474             0.000460
            0.164466             0.000460
            0.164458             0.000460
            0.164451             0.000460
            0.164444             0.000460
            0.164437             0.000460
            0.164430             0.000460
            0.164424             0.000460
            0.164417             0.000460
            0.164411             0.000460
            0.164405             0.000460
            0.164400             0.000460
            0.164394             0.000460
            0.164389             0.000460
            0.164384             0.000460
            0.164379             0.000460
            0.164375             0.000460
            0.164371             0.000460
            0.164367             0.000460
            0.164363             0.000460
            0.164359             0.000460
            0.164356             0.000460
            0.164353             0.000461
            0.164350             0.000461
            0.164348             0.000461
            0.164346             0.000461
            0.164343             0.000461
            0.164342             0.000461
            0.164340             0.000461
            0.164339             0.000461
            0.164338             0.000461
            0.164337             0.000461
            0.164337             0.000461
            0.164336             0.000461
            0.164336             0.000461
            0.164337             0.000461
            0.164337             0.000461
            0.164338             0.000461
            0.164339             0.000461
            0.164340             0.000461
            0.164342             0.000461
            0.164344             0.000461
            0.164346             0.000461
            0.164348             0.000461
            0.164351             0.000461
            0.164353             0.000461
            0.164357             0.000461
            0.164360             0.000461
            0.164363             0.000460
            0.164367             0.000460
            0.164371             0.000460
            0.164375             0.000460
            0.164380             0.000460
            0.164385             0.000460
            0.164390             0.000460
            0.164395             0.000460
            0.164400             0.000460
            0.164406             0.000460
            0.164412             0.000460
            0.164418             0.000460
            0.164424             0.000460
            0.164431             0.000460
            0.164437             0.000460
            0.164444             0.000460
            0.164451             0.000460
            0.164459             0.000460
            0.164466             0.000460
            0.164474             0.000459
            0.164482             0.000459
            0.164490             0.000459
            0.164498             0.000459
            0.164507             0.000459
            0.164515             0.000459
            0.164524             0.000459
            0.164533             0.000459
            0.164542             0.000459
            0.164552             0.000459
            0.164561             0.000459
            0.164571             0.000458
            0.164580             0.000458
            0.164590             0.000458
            0.164600             0.000458
            0.164610             0.000458
            0.164621             0.000458
            0.164631             0.000458
            0.164641             0.000458
            0.164652             0.000457
            0.164663             0.000457
            0.164674             0.000457
            0.164684             0.000457
            0.164695             0.000457
            0.164706             0.000457
            0.164718             0.000457
            0.164729             0.000456
            0.164740             0.000456
            0.164751             0.000407
            0.164763             0.000407
