1 	 1 	 0,20207 	 0,00000 	 0,00000 
1 	 2 	 -0,10104 	 0,00000 	 0,17500 
1 	 3 	 -0,10104 	 0,00000 	 -0,17500 
1 	 4 	 0,20207 	 0,08500 	 0,00000 
1 	 5 	 -0,10104 	 0,08500 	 0,17500 
1 	 6 	 0,20207 	 0,10000 	 0,00000 
1 	 7 	 -0,10104 	 0,10000 	 0,17500 
1 	 8 	 -0,10104 	 0,08500 	 -0,17500 
1 	 9 	 -0,10104 	 0,10000 	 -0,17500 
1 	 10 	 0,20207 	 0,39000 	 0,00000 
1 	 11 	 0,20207 	 0,40500 	 0,00000 
1 	 12 	 0,20207 	 0,42000 	 0,00000 
1 	 13 	 -0,10104 	 0,39000 	 0,17500 
1 	 14 	 -0,10104 	 0,40500 	 0,17500 
1 	 15 	 -0,10104 	 0,42000 	 0,17500 
1 	 16 	 -0,10104 	 0,39000 	 -0,17500 
1 	 17 	 -0,10104 	 0,40500 	 -0,17500 
1 	 18 	 -0,10104 	 0,42000 	 -0,17500 
1 	 19 	 0,20207 	 0,71000 	 0,00000 
1 	 20 	 0,20207 	 0,72500 	 0,00000 
1 	 21 	 -0,10104 	 0,71000 	 0,17500 
1 	 22 	 -0,10104 	 0,72500 	 0,17500 
1 	 23 	 -0,10104 	 0,71000 	 -0,17500 
1 	 24 	 -0,10104 	 0,72500 	 -0,17500 
1 	 25 	 0,20207 	 0,81000 	 0,00000 
1 	 26 	 -0,10104 	 0,81000 	 -0,17500 
1 	 27 	 -0,10104 	 0,81000 	 0,17500 
1 	 28 	 0,20207 	 0,89500 	 0,00000 
1 	 29 	 -0,10104 	 0,89500 	 0,17500 
1 	 30 	 0,20207 	 0,91000 	 0,00000 
1 	 31 	 -0,10104 	 0,91000 	 0,17500 
1 	 32 	 -0,10104 	 0,89500 	 -0,17500 
1 	 33 	 -0,10104 	 0,91000 	 -0,17500 
1 	 34 	 0,20207 	 1,20000 	 0,00000 
1 	 35 	 0,20207 	 1,21500 	 0,00000 
1 	 36 	 0,20207 	 1,23000 	 0,00000 
1 	 37 	 -0,10104 	 1,20000 	 0,17500 
1 	 38 	 -0,10104 	 1,21500 	 0,17500 
1 	 39 	 -0,10104 	 1,23000 	 0,17500 
1 	 40 	 -0,10104 	 1,20000 	 -0,17500 
1 	 41 	 -0,10104 	 1,21500 	 -0,17500 
1 	 42 	 -0,10104 	 1,23000 	 -0,17500 
1 	 43 	 0,20207 	 1,52000 	 0,00000 
1 	 44 	 0,20207 	 1,53500 	 0,00000 
1 	 45 	 -0,10104 	 1,52000 	 0,17500 
1 	 46 	 -0,10104 	 1,53500 	 0,17500 
1 	 47 	 -0,10104 	 1,52000 	 -0,17500 
1 	 48 	 -0,10104 	 1,53500 	 -0,17500 
1 	 49 	 0,20207 	 1,62000 	 0,00000 
1 	 50 	 -0,10104 	 1,62000 	 -0,17500 
1 	 51 	 -0,10104 	 1,62000 	 0,17500 
1 	 52 	 0,20207 	 1,70500 	 0,00000 
1 	 53 	 -0,10104 	 1,70500 	 0,17500 
1 	 54 	 0,20207 	 1,72000 	 0,00000 
1 	 55 	 -0,10104 	 1,72000 	 0,17500 
1 	 56 	 -0,10104 	 1,70500 	 -0,17500 
1 	 57 	 -0,10104 	 1,72000 	 -0,17500 
1 	 58 	 0,20207 	 2,01000 	 0,00000 
1 	 59 	 0,20207 	 2,02500 	 0,00000 
1 	 60 	 0,20207 	 2,04000 	 0,00000 
1 	 61 	 -0,10104 	 2,01000 	 0,17500 
1 	 62 	 -0,10104 	 2,02500 	 0,17500 
1 	 63 	 -0,10104 	 2,04000 	 0,17500 
1 	 64 	 -0,10104 	 2,01000 	 -0,17500 
1 	 65 	 -0,10104 	 2,02500 	 -0,17500 
1 	 66 	 -0,10104 	 2,04000 	 -0,17500 
1 	 67 	 0,20207 	 2,33000 	 0,00000 
1 	 68 	 0,20207 	 2,34500 	 0,00000 
1 	 69 	 -0,10104 	 2,33000 	 0,17500 
1 	 70 	 -0,10104 	 2,34500 	 0,17500 
1 	 71 	 -0,10104 	 2,33000 	 -0,17500 
1 	 72 	 -0,10104 	 2,34500 	 -0,17500 
1 	 73 	 0,20207 	 2,43000 	 0,00000 
1 	 74 	 -0,10104 	 2,43000 	 -0,17500 
1 	 75 	 -0,10104 	 2,43000 	 0,17500 
1 	 76 	 0,20207 	 2,51500 	 0,00000 
1 	 77 	 -0,10104 	 2,51500 	 0,17500 
1 	 78 	 0,20207 	 2,53000 	 0,00000 
1 	 79 	 -0,10104 	 2,53000 	 0,17500 
1 	 80 	 -0,10104 	 2,51500 	 -0,17500 
1 	 81 	 -0,10104 	 2,53000 	 -0,17500 
1 	 82 	 0,20207 	 2,82000 	 0,00000 
1 	 83 	 0,20207 	 2,83500 	 0,00000 
1 	 84 	 0,20207 	 2,85000 	 0,00000 
1 	 85 	 -0,10104 	 2,82000 	 0,17500 
1 	 86 	 -0,10104 	 2,83500 	 0,17500 
1 	 87 	 -0,10104 	 2,85000 	 0,17500 
1 	 88 	 -0,10104 	 2,82000 	 -0,17500 
1 	 89 	 -0,10104 	 2,83500 	 -0,17500 
1 	 90 	 -0,10104 	 2,85000 	 -0,17500 
1 	 91 	 0,20207 	 3,14000 	 0,00000 
1 	 92 	 0,20207 	 3,15500 	 0,00000 
1 	 93 	 -0,10104 	 3,14000 	 0,17500 
1 	 94 	 -0,10104 	 3,15500 	 0,17500 
1 	 95 	 -0,10104 	 3,14000 	 -0,17500 
1 	 96 	 -0,10104 	 3,15500 	 -0,17500 
1 	 97 	 0,20207 	 3,24000 	 0,00000 
1 	 98 	 -0,10104 	 3,24000 	 -0,17500 
1 	 99 	 -0,10104 	 3,24000 	 0,17500 
1 	 100 	 0,20207 	 3,32500 	 0,00000 
1 	 101 	 -0,10104 	 3,32500 	 0,17500 
1 	 102 	 0,20207 	 3,34000 	 0,00000 
1 	 103 	 -0,10104 	 3,34000 	 0,17500 
1 	 104 	 -0,10104 	 3,32500 	 -0,17500 
1 	 105 	 -0,10104 	 3,34000 	 -0,17500 
1 	 106 	 0,20207 	 3,63000 	 0,00000 
1 	 107 	 0,20207 	 3,64500 	 0,00000 
1 	 108 	 0,20207 	 3,66000 	 0,00000 
1 	 109 	 -0,10104 	 3,63000 	 0,17500 
1 	 110 	 -0,10104 	 3,64500 	 0,17500 
1 	 111 	 -0,10104 	 3,66000 	 0,17500 
1 	 112 	 -0,10104 	 3,63000 	 -0,17500 
1 	 113 	 -0,10104 	 3,64500 	 -0,17500 
1 	 114 	 -0,10104 	 3,66000 	 -0,17500 
1 	 115 	 0,20207 	 3,95000 	 0,00000 
1 	 116 	 0,20207 	 3,96500 	 0,00000 
1 	 117 	 -0,10104 	 3,95000 	 0,17500 
1 	 118 	 -0,10104 	 3,96500 	 0,17500 
1 	 119 	 -0,10104 	 3,95000 	 -0,17500 
1 	 120 	 -0,10104 	 3,96500 	 -0,17500 
1 	 121 	 0,20207 	 4,05000 	 0,00000 
1 	 122 	 -0,10104 	 4,05000 	 -0,17500 
1 	 123 	 -0,10104 	 4,05000 	 0,17500 
1 	 124 	 0,20207 	 4,13500 	 0,00000 
1 	 125 	 -0,10104 	 4,13500 	 0,17500 
1 	 126 	 0,20207 	 4,15000 	 0,00000 
1 	 127 	 -0,10104 	 4,15000 	 0,17500 
1 	 128 	 -0,10104 	 4,13500 	 -0,17500 
1 	 129 	 -0,10104 	 4,15000 	 -0,17500 
1 	 130 	 0,20207 	 4,44000 	 0,00000 
1 	 131 	 0,20207 	 4,45500 	 0,00000 
1 	 132 	 0,20207 	 4,47000 	 0,00000 
1 	 133 	 -0,10104 	 4,44000 	 0,17500 
1 	 134 	 -0,10104 	 4,45500 	 0,17500 
1 	 135 	 -0,10104 	 4,47000 	 0,17500 
1 	 136 	 -0,10104 	 4,44000 	 -0,17500 
1 	 137 	 -0,10104 	 4,45500 	 -0,17500 
1 	 138 	 -0,10104 	 4,47000 	 -0,17500 
1 	 139 	 0,20207 	 4,76000 	 0,00000 
1 	 140 	 0,20207 	 4,77500 	 0,00000 
1 	 141 	 -0,10104 	 4,76000 	 0,17500 
1 	 142 	 -0,10104 	 4,77500 	 0,17500 
1 	 143 	 -0,10104 	 4,76000 	 -0,17500 
1 	 144 	 -0,10104 	 4,77500 	 -0,17500 
1 	 145 	 0,20207 	 4,86000 	 0,00000 
1 	 146 	 -0,10104 	 4,86000 	 -0,17500 
1 	 147 	 -0,10104 	 4,86000 	 0,17500 
1 	 148 	 0,20207 	 4,94500 	 0,00000 
1 	 149 	 -0,10104 	 4,94500 	 0,17500 
1 	 150 	 0,20207 	 4,96000 	 0,00000 
1 	 151 	 -0,10104 	 4,96000 	 0,17500 
1 	 152 	 -0,10104 	 4,94500 	 -0,17500 
1 	 153 	 -0,10104 	 4,96000 	 -0,17500 
1 	 154 	 0,20207 	 5,25000 	 0,00000 
1 	 155 	 0,20207 	 5,26500 	 0,00000 
1 	 156 	 0,20207 	 5,28000 	 0,00000 
1 	 157 	 -0,10104 	 5,25000 	 0,17500 
1 	 158 	 -0,10104 	 5,26500 	 0,17500 
1 	 159 	 -0,10104 	 5,28000 	 0,17500 
1 	 160 	 -0,10104 	 5,25000 	 -0,17500 
1 	 161 	 -0,10104 	 5,26500 	 -0,17500 
1 	 162 	 -0,10104 	 5,28000 	 -0,17500 
1 	 163 	 0,20207 	 5,57000 	 0,00000 
1 	 164 	 0,20207 	 5,58500 	 0,00000 
1 	 165 	 -0,10104 	 5,57000 	 0,17500 
1 	 166 	 -0,10104 	 5,58500 	 0,17500 
1 	 167 	 -0,10104 	 5,57000 	 -0,17500 
1 	 168 	 -0,10104 	 5,58500 	 -0,17500 
1 	 169 	 0,20207 	 5,67000 	 0,00000 
1 	 170 	 -0,10104 	 5,67000 	 -0,17500 
1 	 171 	 -0,10104 	 5,67000 	 0,17500 
1 	 172 	 0,20207 	 5,75500 	 0,00000 
1 	 173 	 -0,10104 	 5,75500 	 0,17500 
1 	 174 	 0,20207 	 5,77000 	 0,00000 
1 	 175 	 -0,10104 	 5,77000 	 0,17500 
1 	 176 	 -0,10104 	 5,75500 	 -0,17500 
1 	 177 	 -0,10104 	 5,77000 	 -0,17500 
1 	 178 	 0,20207 	 6,06000 	 0,00000 
1 	 179 	 0,20207 	 6,07500 	 0,00000 
1 	 180 	 0,20207 	 6,09000 	 0,00000 
1 	 181 	 -0,10104 	 6,06000 	 0,17500 
1 	 182 	 -0,10104 	 6,07500 	 0,17500 
1 	 183 	 -0,10104 	 6,09000 	 0,17500 
1 	 184 	 -0,10104 	 6,06000 	 -0,17500 
1 	 185 	 -0,10104 	 6,07500 	 -0,17500 
1 	 186 	 -0,10104 	 6,09000 	 -0,17500 
1 	 187 	 0,20207 	 6,38000 	 0,00000 
1 	 188 	 0,20207 	 6,39500 	 0,00000 
1 	 189 	 -0,10104 	 6,38000 	 0,17500 
1 	 190 	 -0,10104 	 6,39500 	 0,17500 
1 	 191 	 -0,10104 	 6,38000 	 -0,17500 
1 	 192 	 -0,10104 	 6,39500 	 -0,17500 
1 	 193 	 0,20207 	 6,48000 	 0,00000 
1 	 194 	 -0,10104 	 6,48000 	 -0,17500 
1 	 195 	 -0,10104 	 6,48000 	 0,17500 
