NS ColMember_1.
    ElemID              NF [N]              My [Nmm]            Mz [Nmm]            Vy [N]              Vz [N]              T [N/mm]
          1.      0.78886091E-30      0.78886091E-30      0.78886091E-30      0.78886091E-30      0.78886091E-30      0.78886091E-30
          2.      0.78886091E-30      0.78886091E-30      0.78886091E-30      0.78886091E-30      0.78886091E-30      0.78886091E-30
          3.      0.78886091E-30      0.78886091E-30      0.78886091E-30      0.78886091E-30      0.78886091E-30      0.78886091E-30
          4.      0.78886091E-30      0.78886091E-30      0.78886091E-30      0.78886091E-30      0.78886091E-30      0.78886091E-30
          5.      0.78886091E-30      0.78886091E-30      0.78886091E-30      0.78886091E-30      0.78886091E-30      0.78886091E-30
          6.      0.78886091E-30      0.78886091E-30      0.78886091E-30      0.78886091E-30      0.78886091E-30      0.78886091E-30
          7.      0.78886091E-30      0.78886091E-30      0.78886091E-30      0.78886091E-30      0.78886091E-30      0.78886091E-30
          8.      0.78886091E-30      0.78886091E-30      0.78886091E-30      0.78886091E-30      0.78886091E-30      0.78886091E-30
          9.      0.78886091E-30      0.78886091E-30      0.78886091E-30      0.78886091E-30      0.78886091E-30      0.78886091E-30
         10.      0.78886091E-30      0.78886091E-30      0.78886091E-30      0.78886091E-30      0.78886091E-30      0.78886091E-30
         11.      0.78886091E-30      0.78886091E-30      0.78886091E-30      0.78886091E-30      0.78886091E-30      0.78886091E-30
         12.      0.78886091E-30      0.78886091E-30      0.78886091E-30      0.78886091E-30      0.78886091E-30      0.78886091E-30
         13.      0.78886091E-30      0.78886091E-30      0.78886091E-30      0.78886091E-30      0.78886091E-30      0.78886091E-30
         14.      0.78886091E-30      0.78886091E-30      0.78886091E-30      0.78886091E-30      0.78886091E-30      0.78886091E-30
         15.      0.78886091E-30      0.78886091E-30      0.78886091E-30      0.78886091E-30      0.78886091E-30      0.78886091E-30
         16.      0.78886091E-30      0.78886091E-30      0.78886091E-30      0.78886091E-30      0.78886091E-30      0.78886091E-30
         17.      0.78886091E-30      0.78886091E-30      0.78886091E-30      0.78886091E-30      0.78886091E-30      0.78886091E-30
         18.      0.78886091E-30      0.78886091E-30      0.78886091E-30      0.78886091E-30      0.78886091E-30      0.78886091E-30
         19.      0.78886091E-30      0.78886091E-30      0.78886091E-30      0.78886091E-30      0.78886091E-30      0.78886091E-30
         20.      0.78886091E-30      0.78886091E-30      0.78886091E-30      0.78886091E-30      0.78886091E-30      0.78886091E-30
         21.      0.78886091E-30      0.78886091E-30      0.78886091E-30      0.78886091E-30      0.78886091E-30      0.78886091E-30
         22.      0.78886091E-30      0.78886091E-30      0.78886091E-30      0.78886091E-30      0.78886091E-30      0.78886091E-30
         23.      0.78886091E-30      0.78886091E-30      0.78886091E-30      0.78886091E-30      0.78886091E-30      0.78886091E-30
         24.      0.78886091E-30      0.78886091E-30      0.78886091E-30      0.78886091E-30      0.78886091E-30      0.78886091E-30
         25.      0.78886091E-30      0.78886091E-30      0.78886091E-30      0.78886091E-30      0.78886091E-30      0.78886091E-30
         26.      0.78886091E-30      0.78886091E-30      0.78886091E-30      0.78886091E-30      0.78886091E-30      0.78886091E-30
         27.      0.78886091E-30      0.78886091E-30      0.78886091E-30      0.78886091E-30      0.78886091E-30      0.78886091E-30
         28.      0.78886091E-30      0.78886091E-30      0.78886091E-30      0.78886091E-30      0.78886091E-30      0.78886091E-30
         29.      0.78886091E-30      0.78886091E-30      0.78886091E-30      0.78886091E-30      0.78886091E-30      0.78886091E-30
         30.      0.78886091E-30      0.78886091E-30      0.78886091E-30      0.78886091E-30      0.78886091E-30      0.78886091E-30
         31.      0.78886091E-30      0.78886091E-30      0.78886091E-30      0.78886091E-30      0.78886091E-30      0.78886091E-30
         32.      0.78886091E-30      0.78886091E-30      0.78886091E-30      0.78886091E-30      0.78886091E-30      0.78886091E-30
         33.      0.78886091E-30      0.78886091E-30      0.78886091E-30      0.78886091E-30      0.78886091E-30      0.78886091E-30
         34.      0.78886091E-30      0.78886091E-30      0.78886091E-30      0.78886091E-30      0.78886091E-30      0.78886091E-30
         35.      0.78886091E-30      0.78886091E-30      0.78886091E-30      0.78886091E-30      0.78886091E-30      0.78886091E-30
         36.      0.78886091E-30      0.78886091E-30      0.78886091E-30      0.78886091E-30      0.78886091E-30      0.78886091E-30
         37.      0.78886091E-30      0.78886091E-30      0.78886091E-30      0.78886091E-30      0.78886091E-30      0.78886091E-30
         38.      0.78886091E-30      0.78886091E-30      0.78886091E-30      0.78886091E-30      0.78886091E-30      0.78886091E-30
         39.      0.78886091E-30      0.78886091E-30      0.78886091E-30      0.78886091E-30      0.78886091E-30      0.78886091E-30
         40.      0.78886091E-30      0.78886091E-30      0.78886091E-30      0.78886091E-30      0.78886091E-30      0.78886091E-30
         41.      0.78886091E-30      0.78886091E-30      0.78886091E-30      0.78886091E-30      0.78886091E-30      0.78886091E-30
         42.      0.78886091E-30      0.78886091E-30      0.78886091E-30      0.78886091E-30      0.78886091E-30      0.78886091E-30
         43.      0.78886091E-30      0.78886091E-30      0.78886091E-30      0.78886091E-30      0.78886091E-30      0.78886091E-30
         44.      0.78886091E-30      0.78886091E-30      0.78886091E-30      0.78886091E-30      0.78886091E-30      0.78886091E-30
         45.      0.78886091E-30      0.78886091E-30      0.78886091E-30      0.78886091E-30      0.78886091E-30      0.78886091E-30
         46.      0.78886091E-30      0.78886091E-30      0.78886091E-30      0.78886091E-30      0.78886091E-30      0.78886091E-30
         47.      0.78886091E-30      0.78886091E-30      0.78886091E-30      0.78886091E-30      0.78886091E-30      0.78886091E-30
         48.      0.78886091E-30      0.78886091E-30      0.78886091E-30      0.78886091E-30      0.78886091E-30      0.78886091E-30
         49.      0.78886091E-30      0.78886091E-30      0.78886091E-30      0.78886091E-30      0.78886091E-30      0.78886091E-30
         50.      0.78886091E-30      0.78886091E-30      0.78886091E-30      0.78886091E-30      0.78886091E-30      0.78886091E-30
         51.      0.78886091E-30      0.78886091E-30      0.78886091E-30      0.78886091E-30      0.78886091E-30      0.78886091E-30
         52.      0.78886091E-30      0.78886091E-30      0.78886091E-30      0.78886091E-30      0.78886091E-30      0.78886091E-30
         53.      0.78886091E-30      0.78886091E-30      0.78886091E-30      0.78886091E-30      0.78886091E-30      0.78886091E-30
         54.      0.78886091E-30      0.78886091E-30      0.78886091E-30      0.78886091E-30      0.78886091E-30      0.78886091E-30
         55.      0.78886091E-30      0.78886091E-30      0.78886091E-30      0.78886091E-30      0.78886091E-30      0.78886091E-30
         56.      0.78886091E-30      0.78886091E-30      0.78886091E-30      0.78886091E-30      0.78886091E-30      0.78886091E-30
         57.      0.78886091E-30      0.78886091E-30      0.78886091E-30      0.78886091E-30      0.78886091E-30      0.78886091E-30
         58.      0.78886091E-30      0.78886091E-30      0.78886091E-30      0.78886091E-30      0.78886091E-30      0.78886091E-30
         59.      0.78886091E-30      0.78886091E-30      0.78886091E-30      0.78886091E-30      0.78886091E-30      0.78886091E-30
         60.      0.78886091E-30      0.78886091E-30      0.78886091E-30      0.78886091E-30      0.78886091E-30      0.78886091E-30
         61.      0.78886091E-30      0.78886091E-30      0.78886091E-30      0.78886091E-30      0.78886091E-30      0.78886091E-30
         62.      0.78886091E-30      0.78886091E-30      0.78886091E-30      0.78886091E-30      0.78886091E-30      0.78886091E-30
         63.      0.78886091E-30      0.78886091E-30      0.78886091E-30      0.78886091E-30      0.78886091E-30      0.78886091E-30
         64.      0.78886091E-30      0.78886091E-30      0.78886091E-30      0.78886091E-30      0.78886091E-30      0.78886091E-30
         65.      0.78886091E-30      0.78886091E-30      0.78886091E-30      0.78886091E-30      0.78886091E-30      0.78886091E-30
         66.      0.78886091E-30      0.78886091E-30      0.78886091E-30      0.78886091E-30      0.78886091E-30      0.78886091E-30
         67.      0.78886091E-30      0.78886091E-30      0.78886091E-30      0.78886091E-30      0.78886091E-30      0.78886091E-30
         68.      0.78886091E-30      0.78886091E-30      0.78886091E-30      0.78886091E-30      0.78886091E-30      0.78886091E-30
         69.      0.78886091E-30      0.78886091E-30      0.78886091E-30      0.78886091E-30      0.78886091E-30      0.78886091E-30
         70.      0.78886091E-30      0.78886091E-30      0.78886091E-30      0.78886091E-30      0.78886091E-30      0.78886091E-30
         71.      0.78886091E-30      0.78886091E-30      0.78886091E-30      0.78886091E-30      0.78886091E-30      0.78886091E-30
         72.      0.78886091E-30      0.78886091E-30      0.78886091E-30      0.78886091E-30      0.78886091E-30      0.78886091E-30
         73.      0.78886091E-30      0.78886091E-30      0.78886091E-30      0.78886091E-30      0.78886091E-30      0.78886091E-30
         74.      0.78886091E-30      0.78886091E-30      0.78886091E-30      0.78886091E-30      0.78886091E-30      0.78886091E-30
         75.      0.78886091E-30      0.78886091E-30      0.78886091E-30      0.78886091E-30      0.78886091E-30      0.78886091E-30
         76.      0.78886091E-30      0.78886091E-30      0.78886091E-30      0.78886091E-30      0.78886091E-30      0.78886091E-30
         77.      0.78886091E-30      0.78886091E-30      0.78886091E-30      0.78886091E-30      0.78886091E-30      0.78886091E-30
         78.      0.78886091E-30      0.78886091E-30      0.78886091E-30      0.78886091E-30      0.78886091E-30      0.78886091E-30
         79.      0.78886091E-30      0.78886091E-30      0.78886091E-30      0.78886091E-30      0.78886091E-30      0.78886091E-30
         80.      0.78886091E-30      0.78886091E-30      0.78886091E-30      0.78886091E-30      0.78886091E-30      0.78886091E-30
         81.      0.78886091E-30      0.78886091E-30      0.78886091E-30      0.78886091E-30      0.78886091E-30      0.78886091E-30
         82.      0.78886091E-30      0.78886091E-30      0.78886091E-30      0.78886091E-30      0.78886091E-30      0.78886091E-30
         83.      0.78886091E-30      0.78886091E-30      0.78886091E-30      0.78886091E-30      0.78886091E-30      0.78886091E-30
         84.      0.78886091E-30      0.78886091E-30      0.78886091E-30      0.78886091E-30      0.78886091E-30      0.78886091E-30
         85.      0.78886091E-30      0.78886091E-30      0.78886091E-30      0.78886091E-30      0.78886091E-30      0.78886091E-30
         86.      0.78886091E-30      0.78886091E-30      0.78886091E-30      0.78886091E-30      0.78886091E-30      0.78886091E-30
         87.      0.78886091E-30      0.78886091E-30      0.78886091E-30      0.78886091E-30      0.78886091E-30      0.78886091E-30
         88.      0.78886091E-30      0.78886091E-30      0.78886091E-30      0.78886091E-30      0.78886091E-30      0.78886091E-30
         89.      0.78886091E-30      0.78886091E-30      0.78886091E-30      0.78886091E-30      0.78886091E-30      0.78886091E-30
         90.      0.78886091E-30      0.78886091E-30      0.78886091E-30      0.78886091E-30      0.78886091E-30      0.78886091E-30
         91.      0.78886091E-30      0.78886091E-30      0.78886091E-30      0.78886091E-30      0.78886091E-30      0.78886091E-30
         92.      0.78886091E-30      0.78886091E-30      0.78886091E-30      0.78886091E-30      0.78886091E-30      0.78886091E-30
         93.      0.78886091E-30      0.78886091E-30      0.78886091E-30      0.78886091E-30      0.78886091E-30      0.78886091E-30
         94.      0.78886091E-30      0.78886091E-30      0.78886091E-30      0.78886091E-30      0.78886091E-30      0.78886091E-30
         95.      0.78886091E-30      0.78886091E-30      0.78886091E-30      0.78886091E-30      0.78886091E-30      0.78886091E-30
         96.      0.78886091E-30      0.78886091E-30      0.78886091E-30      0.78886091E-30      0.78886091E-30      0.78886091E-30
         97.      0.78886091E-30      0.78886091E-30      0.78886091E-30      0.78886091E-30      0.78886091E-30      0.78886091E-30
         98.      0.78886091E-30      0.78886091E-30      0.78886091E-30      0.78886091E-30      0.78886091E-30      0.78886091E-30
         99.      0.78886091E-30      0.78886091E-30      0.78886091E-30      0.78886091E-30      0.78886091E-30      0.78886091E-30
        100.      0.78886091E-30      0.78886091E-30      0.78886091E-30      0.78886091E-30      0.78886091E-30      0.78886091E-30
NS ColMember_2.
    ElemID              NF [N]              My [Nmm]            Mz [Nmm]            Vy [N]              Vz [N]              T [N/mm]
        101.      0.78886091E-30      0.78886091E-30      0.78886091E-30      0.78886091E-30      0.78886091E-30      0.78886091E-30
        102.      0.78886091E-30      0.78886091E-30      0.78886091E-30      0.78886091E-30      0.78886091E-30      0.78886091E-30
        103.      0.78886091E-30      0.78886091E-30      0.78886091E-30      0.78886091E-30      0.78886091E-30      0.78886091E-30
        104.      0.78886091E-30      0.78886091E-30      0.78886091E-30      0.78886091E-30      0.78886091E-30      0.78886091E-30
        105.      0.78886091E-30      0.78886091E-30      0.78886091E-30      0.78886091E-30      0.78886091E-30      0.78886091E-30
        106.      0.78886091E-30      0.78886091E-30      0.78886091E-30      0.78886091E-30      0.78886091E-30      0.78886091E-30
        107.      0.78886091E-30      0.78886091E-30      0.78886091E-30      0.78886091E-30      0.78886091E-30      0.78886091E-30
        108.      0.78886091E-30      0.78886091E-30      0.78886091E-30      0.78886091E-30      0.78886091E-30      0.78886091E-30
        109.      0.78886091E-30      0.78886091E-30      0.78886091E-30      0.78886091E-30      0.78886091E-30      0.78886091E-30
        110.      0.78886091E-30      0.78886091E-30      0.78886091E-30      0.78886091E-30      0.78886091E-30      0.78886091E-30
        111.      0.78886091E-30      0.78886091E-30      0.78886091E-30      0.78886091E-30      0.78886091E-30      0.78886091E-30
        112.      0.78886091E-30      0.78886091E-30      0.78886091E-30      0.78886091E-30      0.78886091E-30      0.78886091E-30
        113.      0.78886091E-30      0.78886091E-30      0.78886091E-30      0.78886091E-30      0.78886091E-30      0.78886091E-30
        114.      0.78886091E-30      0.78886091E-30      0.78886091E-30      0.78886091E-30      0.78886091E-30      0.78886091E-30
        115.      0.78886091E-30      0.78886091E-30      0.78886091E-30      0.78886091E-30      0.78886091E-30      0.78886091E-30
        116.      0.78886091E-30      0.78886091E-30      0.78886091E-30      0.78886091E-30      0.78886091E-30      0.78886091E-30
        117.      0.78886091E-30      0.78886091E-30      0.78886091E-30      0.78886091E-30      0.78886091E-30      0.78886091E-30
        118.      0.78886091E-30      0.78886091E-30      0.78886091E-30      0.78886091E-30      0.78886091E-30      0.78886091E-30
        119.      0.78886091E-30      0.78886091E-30      0.78886091E-30      0.78886091E-30      0.78886091E-30      0.78886091E-30
        120.      0.78886091E-30      0.78886091E-30      0.78886091E-30      0.78886091E-30      0.78886091E-30      0.78886091E-30
        121.      0.78886091E-30      0.78886091E-30      0.78886091E-30      0.78886091E-30      0.78886091E-30      0.78886091E-30
        122.      0.78886091E-30      0.78886091E-30      0.78886091E-30      0.78886091E-30      0.78886091E-30      0.78886091E-30
        123.      0.78886091E-30      0.78886091E-30      0.78886091E-30      0.78886091E-30      0.78886091E-30      0.78886091E-30
        124.      0.78886091E-30      0.78886091E-30      0.78886091E-30      0.78886091E-30      0.78886091E-30      0.78886091E-30
        125.      0.78886091E-30      0.78886091E-30      0.78886091E-30      0.78886091E-30      0.78886091E-30      0.78886091E-30
        126.      0.78886091E-30      0.78886091E-30      0.78886091E-30      0.78886091E-30      0.78886091E-30      0.78886091E-30
        127.      0.78886091E-30      0.78886091E-30      0.78886091E-30      0.78886091E-30      0.78886091E-30      0.78886091E-30
        128.      0.78886091E-30      0.78886091E-30      0.78886091E-30      0.78886091E-30      0.78886091E-30      0.78886091E-30
        129.      0.78886091E-30      0.78886091E-30      0.78886091E-30      0.78886091E-30      0.78886091E-30      0.78886091E-30
        130.      0.78886091E-30      0.78886091E-30      0.78886091E-30      0.78886091E-30      0.78886091E-30      0.78886091E-30
        131.      0.78886091E-30      0.78886091E-30      0.78886091E-30      0.78886091E-30      0.78886091E-30      0.78886091E-30
        132.      0.78886091E-30      0.78886091E-30      0.78886091E-30      0.78886091E-30      0.78886091E-30      0.78886091E-30
        133.      0.78886091E-30      0.78886091E-30      0.78886091E-30      0.78886091E-30      0.78886091E-30      0.78886091E-30
        134.      0.78886091E-30      0.78886091E-30      0.78886091E-30      0.78886091E-30      0.78886091E-30      0.78886091E-30
        135.      0.78886091E-30      0.78886091E-30      0.78886091E-30      0.78886091E-30      0.78886091E-30      0.78886091E-30
        136.      0.78886091E-30      0.78886091E-30      0.78886091E-30      0.78886091E-30      0.78886091E-30      0.78886091E-30
        137.      0.78886091E-30      0.78886091E-30      0.78886091E-30      0.78886091E-30      0.78886091E-30      0.78886091E-30
        138.      0.78886091E-30      0.78886091E-30      0.78886091E-30      0.78886091E-30      0.78886091E-30      0.78886091E-30
        139.      0.78886091E-30      0.78886091E-30      0.78886091E-30      0.78886091E-30      0.78886091E-30      0.78886091E-30
        140.      0.78886091E-30      0.78886091E-30      0.78886091E-30      0.78886091E-30      0.78886091E-30      0.78886091E-30
        141.      0.78886091E-30      0.78886091E-30      0.78886091E-30      0.78886091E-30      0.78886091E-30      0.78886091E-30
        142.      0.78886091E-30      0.78886091E-30      0.78886091E-30      0.78886091E-30      0.78886091E-30      0.78886091E-30
        143.      0.78886091E-30      0.78886091E-30      0.78886091E-30      0.78886091E-30      0.78886091E-30      0.78886091E-30
        144.      0.78886091E-30      0.78886091E-30      0.78886091E-30      0.78886091E-30      0.78886091E-30      0.78886091E-30
        145.      0.78886091E-30      0.78886091E-30      0.78886091E-30      0.78886091E-30      0.78886091E-30      0.78886091E-30
        146.      0.78886091E-30      0.78886091E-30      0.78886091E-30      0.78886091E-30      0.78886091E-30      0.78886091E-30
        147.      0.78886091E-30      0.78886091E-30      0.78886091E-30      0.78886091E-30      0.78886091E-30      0.78886091E-30
        148.      0.78886091E-30      0.78886091E-30      0.78886091E-30      0.78886091E-30      0.78886091E-30      0.78886091E-30
        149.      0.78886091E-30      0.78886091E-30      0.78886091E-30      0.78886091E-30      0.78886091E-30      0.78886091E-30
        150.      0.78886091E-30      0.78886091E-30      0.78886091E-30      0.78886091E-30      0.78886091E-30      0.78886091E-30
        151.      0.78886091E-30      0.78886091E-30      0.78886091E-30      0.78886091E-30      0.78886091E-30      0.78886091E-30
        152.      0.78886091E-30      0.78886091E-30      0.78886091E-30      0.78886091E-30      0.78886091E-30      0.78886091E-30
        153.      0.78886091E-30      0.78886091E-30      0.78886091E-30      0.78886091E-30      0.78886091E-30      0.78886091E-30
        154.      0.78886091E-30      0.78886091E-30      0.78886091E-30      0.78886091E-30      0.78886091E-30      0.78886091E-30
        155.      0.78886091E-30      0.78886091E-30      0.78886091E-30      0.78886091E-30      0.78886091E-30      0.78886091E-30
        156.      0.78886091E-30      0.78886091E-30      0.78886091E-30      0.78886091E-30      0.78886091E-30      0.78886091E-30
        157.      0.78886091E-30      0.78886091E-30      0.78886091E-30      0.78886091E-30      0.78886091E-30      0.78886091E-30
        158.      0.78886091E-30      0.78886091E-30      0.78886091E-30      0.78886091E-30      0.78886091E-30      0.78886091E-30
        159.      0.78886091E-30      0.78886091E-30      0.78886091E-30      0.78886091E-30      0.78886091E-30      0.78886091E-30
        160.      0.78886091E-30      0.78886091E-30      0.78886091E-30      0.78886091E-30      0.78886091E-30      0.78886091E-30
        161.      0.78886091E-30      0.78886091E-30      0.78886091E-30      0.78886091E-30      0.78886091E-30      0.78886091E-30
        162.      0.78886091E-30      0.78886091E-30      0.78886091E-30      0.78886091E-30      0.78886091E-30      0.78886091E-30
        163.      0.78886091E-30      0.78886091E-30      0.78886091E-30      0.78886091E-30      0.78886091E-30      0.78886091E-30
        164.      0.78886091E-30      0.78886091E-30      0.78886091E-30      0.78886091E-30      0.78886091E-30      0.78886091E-30
        165.      0.78886091E-30      0.78886091E-30      0.78886091E-30      0.78886091E-30      0.78886091E-30      0.78886091E-30
        166.      0.78886091E-30      0.78886091E-30      0.78886091E-30      0.78886091E-30      0.78886091E-30      0.78886091E-30
        167.      0.78886091E-30      0.78886091E-30      0.78886091E-30      0.78886091E-30      0.78886091E-30      0.78886091E-30
        168.      0.78886091E-30      0.78886091E-30      0.78886091E-30      0.78886091E-30      0.78886091E-30      0.78886091E-30
        169.      0.78886091E-30      0.78886091E-30      0.78886091E-30      0.78886091E-30      0.78886091E-30      0.78886091E-30
        170.      0.78886091E-30      0.78886091E-30      0.78886091E-30      0.78886091E-30      0.78886091E-30      0.78886091E-30
        171.      0.78886091E-30      0.78886091E-30      0.78886091E-30      0.78886091E-30      0.78886091E-30      0.78886091E-30
        172.      0.78886091E-30      0.78886091E-30      0.78886091E-30      0.78886091E-30      0.78886091E-30      0.78886091E-30
        173.      0.78886091E-30      0.78886091E-30      0.78886091E-30      0.78886091E-30      0.78886091E-30      0.78886091E-30
        174.      0.78886091E-30      0.78886091E-30      0.78886091E-30      0.78886091E-30      0.78886091E-30      0.78886091E-30
        175.      0.78886091E-30      0.78886091E-30      0.78886091E-30      0.78886091E-30      0.78886091E-30      0.78886091E-30
        176.      0.78886091E-30      0.78886091E-30      0.78886091E-30      0.78886091E-30      0.78886091E-30      0.78886091E-30
        177.      0.78886091E-30      0.78886091E-30      0.78886091E-30      0.78886091E-30      0.78886091E-30      0.78886091E-30
        178.      0.78886091E-30      0.78886091E-30      0.78886091E-30      0.78886091E-30      0.78886091E-30      0.78886091E-30
        179.      0.78886091E-30      0.78886091E-30      0.78886091E-30      0.78886091E-30      0.78886091E-30      0.78886091E-30
        180.      0.78886091E-30      0.78886091E-30      0.78886091E-30      0.78886091E-30      0.78886091E-30      0.78886091E-30
        181.      0.78886091E-30      0.78886091E-30      0.78886091E-30      0.78886091E-30      0.78886091E-30      0.78886091E-30
        182.      0.78886091E-30      0.78886091E-30      0.78886091E-30      0.78886091E-30      0.78886091E-30      0.78886091E-30
        183.      0.78886091E-30      0.78886091E-30      0.78886091E-30      0.78886091E-30      0.78886091E-30      0.78886091E-30
        184.      0.78886091E-30      0.78886091E-30      0.78886091E-30      0.78886091E-30      0.78886091E-30      0.78886091E-30
        185.      0.78886091E-30      0.78886091E-30      0.78886091E-30      0.78886091E-30      0.78886091E-30      0.78886091E-30
        186.      0.78886091E-30      0.78886091E-30      0.78886091E-30      0.78886091E-30      0.78886091E-30      0.78886091E-30
        187.      0.78886091E-30      0.78886091E-30      0.78886091E-30      0.78886091E-30      0.78886091E-30      0.78886091E-30
        188.      0.78886091E-30      0.78886091E-30      0.78886091E-30      0.78886091E-30      0.78886091E-30      0.78886091E-30
        189.      0.78886091E-30      0.78886091E-30      0.78886091E-30      0.78886091E-30      0.78886091E-30      0.78886091E-30
        190.      0.78886091E-30      0.78886091E-30      0.78886091E-30      0.78886091E-30      0.78886091E-30      0.78886091E-30
        191.      0.78886091E-30      0.78886091E-30      0.78886091E-30      0.78886091E-30      0.78886091E-30      0.78886091E-30
        192.      0.78886091E-30      0.78886091E-30      0.78886091E-30      0.78886091E-30      0.78886091E-30      0.78886091E-30
        193.      0.78886091E-30      0.78886091E-30      0.78886091E-30      0.78886091E-30      0.78886091E-30      0.78886091E-30
        194.      0.78886091E-30      0.78886091E-30      0.78886091E-30      0.78886091E-30      0.78886091E-30      0.78886091E-30
        195.      0.78886091E-30      0.78886091E-30      0.78886091E-30      0.78886091E-30      0.78886091E-30      0.78886091E-30
        196.      0.78886091E-30      0.78886091E-30      0.78886091E-30      0.78886091E-30      0.78886091E-30      0.78886091E-30
        197.      0.78886091E-30      0.78886091E-30      0.78886091E-30      0.78886091E-30      0.78886091E-30      0.78886091E-30
        198.      0.78886091E-30      0.78886091E-30      0.78886091E-30      0.78886091E-30      0.78886091E-30      0.78886091E-30
        199.      0.78886091E-30      0.78886091E-30      0.78886091E-30      0.78886091E-30      0.78886091E-30      0.78886091E-30
        200.      0.78886091E-30      0.78886091E-30      0.78886091E-30      0.78886091E-30      0.78886091E-30      0.78886091E-30
NS BraceMember_1.
    ElemID              NF [N]              My [Nmm]            Mz [Nmm]            Vy [N]              Vz [N]              T [N/mm]
        201.      0.78886091E-30      0.78886091E-30      0.78886091E-30      0.78886091E-30      0.78886091E-30      0.78886091E-30
        202.      0.78886091E-30      0.78886091E-30      0.78886091E-30      0.78886091E-30      0.78886091E-30      0.78886091E-30
        203.      0.78886091E-30      0.78886091E-30      0.78886091E-30      0.78886091E-30      0.78886091E-30      0.78886091E-30
        204.      0.78886091E-30      0.78886091E-30      0.78886091E-30      0.78886091E-30      0.78886091E-30      0.78886091E-30
        205.      0.78886091E-30      0.78886091E-30      0.78886091E-30      0.78886091E-30      0.78886091E-30      0.78886091E-30
        206.      0.78886091E-30      0.78886091E-30      0.78886091E-30      0.78886091E-30      0.78886091E-30      0.78886091E-30
        207.      0.78886091E-30      0.78886091E-30      0.78886091E-30      0.78886091E-30      0.78886091E-30      0.78886091E-30
        208.      0.78886091E-30      0.78886091E-30      0.78886091E-30      0.78886091E-30      0.78886091E-30      0.78886091E-30
        209.      0.78886091E-30      0.78886091E-30      0.78886091E-30      0.78886091E-30      0.78886091E-30      0.78886091E-30
        210.      0.78886091E-30      0.78886091E-30      0.78886091E-30      0.78886091E-30      0.78886091E-30      0.78886091E-30
        211.      0.78886091E-30      0.78886091E-30      0.78886091E-30      0.78886091E-30      0.78886091E-30      0.78886091E-30
        212.      0.78886091E-30      0.78886091E-30      0.78886091E-30      0.78886091E-30      0.78886091E-30      0.78886091E-30
        213.      0.78886091E-30      0.78886091E-30      0.78886091E-30      0.78886091E-30      0.78886091E-30      0.78886091E-30
        214.      0.78886091E-30      0.78886091E-30      0.78886091E-30      0.78886091E-30      0.78886091E-30      0.78886091E-30
        215.      0.78886091E-30      0.78886091E-30      0.78886091E-30      0.78886091E-30      0.78886091E-30      0.78886091E-30
        216.      0.78886091E-30      0.78886091E-30      0.78886091E-30      0.78886091E-30      0.78886091E-30      0.78886091E-30
        217.      0.78886091E-30      0.78886091E-30      0.78886091E-30      0.78886091E-30      0.78886091E-30      0.78886091E-30
        218.      0.78886091E-30      0.78886091E-30      0.78886091E-30      0.78886091E-30      0.78886091E-30      0.78886091E-30
        219.      0.78886091E-30      0.78886091E-30      0.78886091E-30      0.78886091E-30      0.78886091E-30      0.78886091E-30
        220.      0.78886091E-30      0.78886091E-30      0.78886091E-30      0.78886091E-30      0.78886091E-30      0.78886091E-30
        221.      0.78886091E-30      0.78886091E-30      0.78886091E-30      0.78886091E-30      0.78886091E-30      0.78886091E-30
        222.      0.78886091E-30      0.78886091E-30      0.78886091E-30      0.78886091E-30      0.78886091E-30      0.78886091E-30
        223.      0.78886091E-30      0.78886091E-30      0.78886091E-30      0.78886091E-30      0.78886091E-30      0.78886091E-30
        224.      0.78886091E-30      0.78886091E-30      0.78886091E-30      0.78886091E-30      0.78886091E-30      0.78886091E-30
        225.      0.78886091E-30      0.78886091E-30      0.78886091E-30      0.78886091E-30      0.78886091E-30      0.78886091E-30
        226.      0.78886091E-30      0.78886091E-30      0.78886091E-30      0.78886091E-30      0.78886091E-30      0.78886091E-30
        227.      0.78886091E-30      0.78886091E-30      0.78886091E-30      0.78886091E-30      0.78886091E-30      0.78886091E-30
        228.      0.78886091E-30      0.78886091E-30      0.78886091E-30      0.78886091E-30      0.78886091E-30      0.78886091E-30
        229.      0.78886091E-30      0.78886091E-30      0.78886091E-30      0.78886091E-30      0.78886091E-30      0.78886091E-30
        230.      0.78886091E-30      0.78886091E-30      0.78886091E-30      0.78886091E-30      0.78886091E-30      0.78886091E-30
        231.      0.78886091E-30      0.78886091E-30      0.78886091E-30      0.78886091E-30      0.78886091E-30      0.78886091E-30
        232.      0.78886091E-30      0.78886091E-30      0.78886091E-30      0.78886091E-30      0.78886091E-30      0.78886091E-30
        233.      0.78886091E-30      0.78886091E-30      0.78886091E-30      0.78886091E-30      0.78886091E-30      0.78886091E-30
        234.      0.78886091E-30      0.78886091E-30      0.78886091E-30      0.78886091E-30      0.78886091E-30      0.78886091E-30
        235.      0.78886091E-30      0.78886091E-30      0.78886091E-30      0.78886091E-30      0.78886091E-30      0.78886091E-30
        236.      0.78886091E-30      0.78886091E-30      0.78886091E-30      0.78886091E-30      0.78886091E-30      0.78886091E-30
        237.      0.78886091E-30      0.78886091E-30      0.78886091E-30      0.78886091E-30      0.78886091E-30      0.78886091E-30
        238.      0.78886091E-30      0.78886091E-30      0.78886091E-30      0.78886091E-30      0.78886091E-30      0.78886091E-30
        239.      0.78886091E-30      0.78886091E-30      0.78886091E-30      0.78886091E-30      0.78886091E-30      0.78886091E-30
        240.      0.78886091E-30      0.78886091E-30      0.78886091E-30      0.78886091E-30      0.78886091E-30      0.78886091E-30
        241.      0.78886091E-30      0.78886091E-30      0.78886091E-30      0.78886091E-30      0.78886091E-30      0.78886091E-30
        242.      0.78886091E-30      0.78886091E-30      0.78886091E-30      0.78886091E-30      0.78886091E-30      0.78886091E-30
        243.      0.78886091E-30      0.78886091E-30      0.78886091E-30      0.78886091E-30      0.78886091E-30      0.78886091E-30
        244.      0.78886091E-30      0.78886091E-30      0.78886091E-30      0.78886091E-30      0.78886091E-30      0.78886091E-30
        245.      0.78886091E-30      0.78886091E-30      0.78886091E-30      0.78886091E-30      0.78886091E-30      0.78886091E-30
        246.      0.78886091E-30      0.78886091E-30      0.78886091E-30      0.78886091E-30      0.78886091E-30      0.78886091E-30
        247.      0.78886091E-30      0.78886091E-30      0.78886091E-30      0.78886091E-30      0.78886091E-30      0.78886091E-30
        248.      0.78886091E-30      0.78886091E-30      0.78886091E-30      0.78886091E-30      0.78886091E-30      0.78886091E-30
        249.      0.78886091E-30      0.78886091E-30      0.78886091E-30      0.78886091E-30      0.78886091E-30      0.78886091E-30
        250.      0.78886091E-30      0.78886091E-30      0.78886091E-30      0.78886091E-30      0.78886091E-30      0.78886091E-30
        251.      0.78886091E-30      0.78886091E-30      0.78886091E-30      0.78886091E-30      0.78886091E-30      0.78886091E-30
        252.      0.78886091E-30      0.78886091E-30      0.78886091E-30      0.78886091E-30      0.78886091E-30      0.78886091E-30
        253.      0.78886091E-30      0.78886091E-30      0.78886091E-30      0.78886091E-30      0.78886091E-30      0.78886091E-30
        254.      0.78886091E-30      0.78886091E-30      0.78886091E-30      0.78886091E-30      0.78886091E-30      0.78886091E-30
        255.      0.78886091E-30      0.78886091E-30      0.78886091E-30      0.78886091E-30      0.78886091E-30      0.78886091E-30
        256.      0.78886091E-30      0.78886091E-30      0.78886091E-30      0.78886091E-30      0.78886091E-30      0.78886091E-30
        257.      0.78886091E-30      0.78886091E-30      0.78886091E-30      0.78886091E-30      0.78886091E-30      0.78886091E-30
        258.      0.78886091E-30      0.78886091E-30      0.78886091E-30      0.78886091E-30      0.78886091E-30      0.78886091E-30
        259.      0.78886091E-30      0.78886091E-30      0.78886091E-30      0.78886091E-30      0.78886091E-30      0.78886091E-30
        260.      0.78886091E-30      0.78886091E-30      0.78886091E-30      0.78886091E-30      0.78886091E-30      0.78886091E-30
        261.      0.78886091E-30      0.78886091E-30      0.78886091E-30      0.78886091E-30      0.78886091E-30      0.78886091E-30
        262.      0.78886091E-30      0.78886091E-30      0.78886091E-30      0.78886091E-30      0.78886091E-30      0.78886091E-30
        263.      0.78886091E-30      0.78886091E-30      0.78886091E-30      0.78886091E-30      0.78886091E-30      0.78886091E-30
        264.      0.78886091E-30      0.78886091E-30      0.78886091E-30      0.78886091E-30      0.78886091E-30      0.78886091E-30
        265.      0.78886091E-30      0.78886091E-30      0.78886091E-30      0.78886091E-30      0.78886091E-30      0.78886091E-30
        266.      0.78886091E-30      0.78886091E-30      0.78886091E-30      0.78886091E-30      0.78886091E-30      0.78886091E-30
        267.      0.78886091E-30      0.78886091E-30      0.78886091E-30      0.78886091E-30      0.78886091E-30      0.78886091E-30
        268.      0.78886091E-30      0.78886091E-30      0.78886091E-30      0.78886091E-30      0.78886091E-30      0.78886091E-30
        269.      0.78886091E-30      0.78886091E-30      0.78886091E-30      0.78886091E-30      0.78886091E-30      0.78886091E-30
        270.      0.78886091E-30      0.78886091E-30      0.78886091E-30      0.78886091E-30      0.78886091E-30      0.78886091E-30
        271.      0.78886091E-30      0.78886091E-30      0.78886091E-30      0.78886091E-30      0.78886091E-30      0.78886091E-30
        272.      0.78886091E-30      0.78886091E-30      0.78886091E-30      0.78886091E-30      0.78886091E-30      0.78886091E-30
        273.      0.78886091E-30      0.78886091E-30      0.78886091E-30      0.78886091E-30      0.78886091E-30      0.78886091E-30
        274.      0.78886091E-30      0.78886091E-30      0.78886091E-30      0.78886091E-30      0.78886091E-30      0.78886091E-30
        275.      0.78886091E-30      0.78886091E-30      0.78886091E-30      0.78886091E-30      0.78886091E-30      0.78886091E-30
        276.      0.78886091E-30      0.78886091E-30      0.78886091E-30      0.78886091E-30      0.78886091E-30      0.78886091E-30
        277.      0.78886091E-30      0.78886091E-30      0.78886091E-30      0.78886091E-30      0.78886091E-30      0.78886091E-30
        278.      0.78886091E-30      0.78886091E-30      0.78886091E-30      0.78886091E-30      0.78886091E-30      0.78886091E-30
        279.      0.78886091E-30      0.78886091E-30      0.78886091E-30      0.78886091E-30      0.78886091E-30      0.78886091E-30
        280.      0.78886091E-30      0.78886091E-30      0.78886091E-30      0.78886091E-30      0.78886091E-30      0.78886091E-30
        281.      0.78886091E-30      0.78886091E-30      0.78886091E-30      0.78886091E-30      0.78886091E-30      0.78886091E-30
        282.      0.78886091E-30      0.78886091E-30      0.78886091E-30      0.78886091E-30      0.78886091E-30      0.78886091E-30
        283.      0.78886091E-30      0.78886091E-30      0.78886091E-30      0.78886091E-30      0.78886091E-30      0.78886091E-30
        284.      0.78886091E-30      0.78886091E-30      0.78886091E-30      0.78886091E-30      0.78886091E-30      0.78886091E-30
        285.      0.78886091E-30      0.78886091E-30      0.78886091E-30      0.78886091E-30      0.78886091E-30      0.78886091E-30
        286.      0.78886091E-30      0.78886091E-30      0.78886091E-30      0.78886091E-30      0.78886091E-30      0.78886091E-30
        287.      0.78886091E-30      0.78886091E-30      0.78886091E-30      0.78886091E-30      0.78886091E-30      0.78886091E-30
        288.      0.78886091E-30      0.78886091E-30      0.78886091E-30      0.78886091E-30      0.78886091E-30      0.78886091E-30
        289.      0.78886091E-30      0.78886091E-30      0.78886091E-30      0.78886091E-30      0.78886091E-30      0.78886091E-30
        290.      0.78886091E-30      0.78886091E-30      0.78886091E-30      0.78886091E-30      0.78886091E-30      0.78886091E-30
        291.      0.78886091E-30      0.78886091E-30      0.78886091E-30      0.78886091E-30      0.78886091E-30      0.78886091E-30
        292.      0.78886091E-30      0.78886091E-30      0.78886091E-30      0.78886091E-30      0.78886091E-30      0.78886091E-30
        293.      0.78886091E-30      0.78886091E-30      0.78886091E-30      0.78886091E-30      0.78886091E-30      0.78886091E-30
        294.      0.78886091E-30      0.78886091E-30      0.78886091E-30      0.78886091E-30      0.78886091E-30      0.78886091E-30
        295.      0.78886091E-30      0.78886091E-30      0.78886091E-30      0.78886091E-30      0.78886091E-30      0.78886091E-30
        296.      0.78886091E-30      0.78886091E-30      0.78886091E-30      0.78886091E-30      0.78886091E-30      0.78886091E-30
        297.      0.78886091E-30      0.78886091E-30      0.78886091E-30      0.78886091E-30      0.78886091E-30      0.78886091E-30
        298.      0.78886091E-30      0.78886091E-30      0.78886091E-30      0.78886091E-30      0.78886091E-30      0.78886091E-30
        299.      0.78886091E-30      0.78886091E-30      0.78886091E-30      0.78886091E-30      0.78886091E-30      0.78886091E-30
        300.      0.78886091E-30      0.78886091E-30      0.78886091E-30      0.78886091E-30      0.78886091E-30      0.78886091E-30
NS BraceMember_2.
    ElemID              NF [N]              My [Nmm]            Mz [Nmm]            Vy [N]              Vz [N]              T [N/mm]
        301.      0.78886091E-30      0.78886091E-30      0.78886091E-30      0.78886091E-30      0.78886091E-30      0.78886091E-30
        302.      0.78886091E-30      0.78886091E-30      0.78886091E-30      0.78886091E-30      0.78886091E-30      0.78886091E-30
        303.      0.78886091E-30      0.78886091E-30      0.78886091E-30      0.78886091E-30      0.78886091E-30      0.78886091E-30
        304.      0.78886091E-30      0.78886091E-30      0.78886091E-30      0.78886091E-30      0.78886091E-30      0.78886091E-30
        305.      0.78886091E-30      0.78886091E-30      0.78886091E-30      0.78886091E-30      0.78886091E-30      0.78886091E-30
        306.      0.78886091E-30      0.78886091E-30      0.78886091E-30      0.78886091E-30      0.78886091E-30      0.78886091E-30
        307.      0.78886091E-30      0.78886091E-30      0.78886091E-30      0.78886091E-30      0.78886091E-30      0.78886091E-30
        308.      0.78886091E-30      0.78886091E-30      0.78886091E-30      0.78886091E-30      0.78886091E-30      0.78886091E-30
        309.      0.78886091E-30      0.78886091E-30      0.78886091E-30      0.78886091E-30      0.78886091E-30      0.78886091E-30
        310.      0.78886091E-30      0.78886091E-30      0.78886091E-30      0.78886091E-30      0.78886091E-30      0.78886091E-30
        311.      0.78886091E-30      0.78886091E-30      0.78886091E-30      0.78886091E-30      0.78886091E-30      0.78886091E-30
        312.      0.78886091E-30      0.78886091E-30      0.78886091E-30      0.78886091E-30      0.78886091E-30      0.78886091E-30
        313.      0.78886091E-30      0.78886091E-30      0.78886091E-30      0.78886091E-30      0.78886091E-30      0.78886091E-30
        314.      0.78886091E-30      0.78886091E-30      0.78886091E-30      0.78886091E-30      0.78886091E-30      0.78886091E-30
        315.      0.78886091E-30      0.78886091E-30      0.78886091E-30      0.78886091E-30      0.78886091E-30      0.78886091E-30
        316.      0.78886091E-30      0.78886091E-30      0.78886091E-30      0.78886091E-30      0.78886091E-30      0.78886091E-30
        317.      0.78886091E-30      0.78886091E-30      0.78886091E-30      0.78886091E-30      0.78886091E-30      0.78886091E-30
        318.      0.78886091E-30      0.78886091E-30      0.78886091E-30      0.78886091E-30      0.78886091E-30      0.78886091E-30
        319.      0.78886091E-30      0.78886091E-30      0.78886091E-30      0.78886091E-30      0.78886091E-30      0.78886091E-30
        320.      0.78886091E-30      0.78886091E-30      0.78886091E-30      0.78886091E-30      0.78886091E-30      0.78886091E-30
        321.      0.78886091E-30      0.78886091E-30      0.78886091E-30      0.78886091E-30      0.78886091E-30      0.78886091E-30
        322.      0.78886091E-30      0.78886091E-30      0.78886091E-30      0.78886091E-30      0.78886091E-30      0.78886091E-30
        323.      0.78886091E-30      0.78886091E-30      0.78886091E-30      0.78886091E-30      0.78886091E-30      0.78886091E-30
        324.      0.78886091E-30      0.78886091E-30      0.78886091E-30      0.78886091E-30      0.78886091E-30      0.78886091E-30
        325.      0.78886091E-30      0.78886091E-30      0.78886091E-30      0.78886091E-30      0.78886091E-30      0.78886091E-30
        326.      0.78886091E-30      0.78886091E-30      0.78886091E-30      0.78886091E-30      0.78886091E-30      0.78886091E-30
        327.      0.78886091E-30      0.78886091E-30      0.78886091E-30      0.78886091E-30      0.78886091E-30      0.78886091E-30
        328.      0.78886091E-30      0.78886091E-30      0.78886091E-30      0.78886091E-30      0.78886091E-30      0.78886091E-30
        329.      0.78886091E-30      0.78886091E-30      0.78886091E-30      0.78886091E-30      0.78886091E-30      0.78886091E-30
        330.      0.78886091E-30      0.78886091E-30      0.78886091E-30      0.78886091E-30      0.78886091E-30      0.78886091E-30
        331.      0.78886091E-30      0.78886091E-30      0.78886091E-30      0.78886091E-30      0.78886091E-30      0.78886091E-30
        332.      0.78886091E-30      0.78886091E-30      0.78886091E-30      0.78886091E-30      0.78886091E-30      0.78886091E-30
        333.      0.78886091E-30      0.78886091E-30      0.78886091E-30      0.78886091E-30      0.78886091E-30      0.78886091E-30
        334.      0.78886091E-30      0.78886091E-30      0.78886091E-30      0.78886091E-30      0.78886091E-30      0.78886091E-30
        335.      0.78886091E-30      0.78886091E-30      0.78886091E-30      0.78886091E-30      0.78886091E-30      0.78886091E-30
        336.      0.78886091E-30      0.78886091E-30      0.78886091E-30      0.78886091E-30      0.78886091E-30      0.78886091E-30
        337.      0.78886091E-30      0.78886091E-30      0.78886091E-30      0.78886091E-30      0.78886091E-30      0.78886091E-30
        338.      0.78886091E-30      0.78886091E-30      0.78886091E-30      0.78886091E-30      0.78886091E-30      0.78886091E-30
        339.      0.78886091E-30      0.78886091E-30      0.78886091E-30      0.78886091E-30      0.78886091E-30      0.78886091E-30
        340.      0.78886091E-30      0.78886091E-30      0.78886091E-30      0.78886091E-30      0.78886091E-30      0.78886091E-30
        341.      0.78886091E-30      0.78886091E-30      0.78886091E-30      0.78886091E-30      0.78886091E-30      0.78886091E-30
        342.      0.78886091E-30      0.78886091E-30      0.78886091E-30      0.78886091E-30      0.78886091E-30      0.78886091E-30
        343.      0.78886091E-30      0.78886091E-30      0.78886091E-30      0.78886091E-30      0.78886091E-30      0.78886091E-30
        344.      0.78886091E-30      0.78886091E-30      0.78886091E-30      0.78886091E-30      0.78886091E-30      0.78886091E-30
        345.      0.78886091E-30      0.78886091E-30      0.78886091E-30      0.78886091E-30      0.78886091E-30      0.78886091E-30
        346.      0.78886091E-30      0.78886091E-30      0.78886091E-30      0.78886091E-30      0.78886091E-30      0.78886091E-30
        347.      0.78886091E-30      0.78886091E-30      0.78886091E-30      0.78886091E-30      0.78886091E-30      0.78886091E-30
        348.      0.78886091E-30      0.78886091E-30      0.78886091E-30      0.78886091E-30      0.78886091E-30      0.78886091E-30
        349.      0.78886091E-30      0.78886091E-30      0.78886091E-30      0.78886091E-30      0.78886091E-30      0.78886091E-30
        350.      0.78886091E-30      0.78886091E-30      0.78886091E-30      0.78886091E-30      0.78886091E-30      0.78886091E-30
        351.      0.78886091E-30      0.78886091E-30      0.78886091E-30      0.78886091E-30      0.78886091E-30      0.78886091E-30
        352.      0.78886091E-30      0.78886091E-30      0.78886091E-30      0.78886091E-30      0.78886091E-30      0.78886091E-30
        353.      0.78886091E-30      0.78886091E-30      0.78886091E-30      0.78886091E-30      0.78886091E-30      0.78886091E-30
        354.      0.78886091E-30      0.78886091E-30      0.78886091E-30      0.78886091E-30      0.78886091E-30      0.78886091E-30
        355.      0.78886091E-30      0.78886091E-30      0.78886091E-30      0.78886091E-30      0.78886091E-30      0.78886091E-30
        356.      0.78886091E-30      0.78886091E-30      0.78886091E-30      0.78886091E-30      0.78886091E-30      0.78886091E-30
NS BraceMember_3.
    ElemID              NF [N]              My [Nmm]            Mz [Nmm]            Vy [N]              Vz [N]              T [N/mm]
        357.      0.78886091E-30      0.78886091E-30      0.78886091E-30      0.78886091E-30      0.78886091E-30      0.78886091E-30
        358.      0.78886091E-30      0.78886091E-30      0.78886091E-30      0.78886091E-30      0.78886091E-30      0.78886091E-30
        359.      0.78886091E-30      0.78886091E-30      0.78886091E-30      0.78886091E-30      0.78886091E-30      0.78886091E-30
        360.      0.78886091E-30      0.78886091E-30      0.78886091E-30      0.78886091E-30      0.78886091E-30      0.78886091E-30
        361.      0.78886091E-30      0.78886091E-30      0.78886091E-30      0.78886091E-30      0.78886091E-30      0.78886091E-30
        362.      0.78886091E-30      0.78886091E-30      0.78886091E-30      0.78886091E-30      0.78886091E-30      0.78886091E-30
        363.      0.78886091E-30      0.78886091E-30      0.78886091E-30      0.78886091E-30      0.78886091E-30      0.78886091E-30
        364.      0.78886091E-30      0.78886091E-30      0.78886091E-30      0.78886091E-30      0.78886091E-30      0.78886091E-30
        365.      0.78886091E-30      0.78886091E-30      0.78886091E-30      0.78886091E-30      0.78886091E-30      0.78886091E-30
        366.      0.78886091E-30      0.78886091E-30      0.78886091E-30      0.78886091E-30      0.78886091E-30      0.78886091E-30
        367.      0.78886091E-30      0.78886091E-30      0.78886091E-30      0.78886091E-30      0.78886091E-30      0.78886091E-30
        368.      0.78886091E-30      0.78886091E-30      0.78886091E-30      0.78886091E-30      0.78886091E-30      0.78886091E-30
        369.      0.78886091E-30      0.78886091E-30      0.78886091E-30      0.78886091E-30      0.78886091E-30      0.78886091E-30
        370.      0.78886091E-30      0.78886091E-30      0.78886091E-30      0.78886091E-30      0.78886091E-30      0.78886091E-30
        371.      0.78886091E-30      0.78886091E-30      0.78886091E-30      0.78886091E-30      0.78886091E-30      0.78886091E-30
        372.      0.78886091E-30      0.78886091E-30      0.78886091E-30      0.78886091E-30      0.78886091E-30      0.78886091E-30
        373.      0.78886091E-30      0.78886091E-30      0.78886091E-30      0.78886091E-30      0.78886091E-30      0.78886091E-30
        374.      0.78886091E-30      0.78886091E-30      0.78886091E-30      0.78886091E-30      0.78886091E-30      0.78886091E-30
        375.      0.78886091E-30      0.78886091E-30      0.78886091E-30      0.78886091E-30      0.78886091E-30      0.78886091E-30
        376.      0.78886091E-30      0.78886091E-30      0.78886091E-30      0.78886091E-30      0.78886091E-30      0.78886091E-30
        377.      0.78886091E-30      0.78886091E-30      0.78886091E-30      0.78886091E-30      0.78886091E-30      0.78886091E-30
        378.      0.78886091E-30      0.78886091E-30      0.78886091E-30      0.78886091E-30      0.78886091E-30      0.78886091E-30
        379.      0.78886091E-30      0.78886091E-30      0.78886091E-30      0.78886091E-30      0.78886091E-30      0.78886091E-30
        380.      0.78886091E-30      0.78886091E-30      0.78886091E-30      0.78886091E-30      0.78886091E-30      0.78886091E-30
        381.      0.78886091E-30      0.78886091E-30      0.78886091E-30      0.78886091E-30      0.78886091E-30      0.78886091E-30
        382.      0.78886091E-30      0.78886091E-30      0.78886091E-30      0.78886091E-30      0.78886091E-30      0.78886091E-30
        383.      0.78886091E-30      0.78886091E-30      0.78886091E-30      0.78886091E-30      0.78886091E-30      0.78886091E-30
        384.      0.78886091E-30      0.78886091E-30      0.78886091E-30      0.78886091E-30      0.78886091E-30      0.78886091E-30
        385.      0.78886091E-30      0.78886091E-30      0.78886091E-30      0.78886091E-30      0.78886091E-30      0.78886091E-30
        386.      0.78886091E-30      0.78886091E-30      0.78886091E-30      0.78886091E-30      0.78886091E-30      0.78886091E-30
        387.      0.78886091E-30      0.78886091E-30      0.78886091E-30      0.78886091E-30      0.78886091E-30      0.78886091E-30
        388.      0.78886091E-30      0.78886091E-30      0.78886091E-30      0.78886091E-30      0.78886091E-30      0.78886091E-30
        389.      0.78886091E-30      0.78886091E-30      0.78886091E-30      0.78886091E-30      0.78886091E-30      0.78886091E-30
        390.      0.78886091E-30      0.78886091E-30      0.78886091E-30      0.78886091E-30      0.78886091E-30      0.78886091E-30
        391.      0.78886091E-30      0.78886091E-30      0.78886091E-30      0.78886091E-30      0.78886091E-30      0.78886091E-30
        392.      0.78886091E-30      0.78886091E-30      0.78886091E-30      0.78886091E-30      0.78886091E-30      0.78886091E-30
        393.      0.78886091E-30      0.78886091E-30      0.78886091E-30      0.78886091E-30      0.78886091E-30      0.78886091E-30
        394.      0.78886091E-30      0.78886091E-30      0.78886091E-30      0.78886091E-30      0.78886091E-30      0.78886091E-30
        395.      0.78886091E-30      0.78886091E-30      0.78886091E-30      0.78886091E-30      0.78886091E-30      0.78886091E-30
        396.      0.78886091E-30      0.78886091E-30      0.78886091E-30      0.78886091E-30      0.78886091E-30      0.78886091E-30
        397.      0.78886091E-30      0.78886091E-30      0.78886091E-30      0.78886091E-30      0.78886091E-30      0.78886091E-30
        398.      0.78886091E-30      0.78886091E-30      0.78886091E-30      0.78886091E-30      0.78886091E-30      0.78886091E-30
        399.      0.78886091E-30      0.78886091E-30      0.78886091E-30      0.78886091E-30      0.78886091E-30      0.78886091E-30
        400.      0.78886091E-30      0.78886091E-30      0.78886091E-30      0.78886091E-30      0.78886091E-30      0.78886091E-30
        401.      0.78886091E-30      0.78886091E-30      0.78886091E-30      0.78886091E-30      0.78886091E-30      0.78886091E-30
        402.      0.78886091E-30      0.78886091E-30      0.78886091E-30      0.78886091E-30      0.78886091E-30      0.78886091E-30
        403.      0.78886091E-30      0.78886091E-30      0.78886091E-30      0.78886091E-30      0.78886091E-30      0.78886091E-30
        404.      0.78886091E-30      0.78886091E-30      0.78886091E-30      0.78886091E-30      0.78886091E-30      0.78886091E-30
        405.      0.78886091E-30      0.78886091E-30      0.78886091E-30      0.78886091E-30      0.78886091E-30      0.78886091E-30
        406.      0.78886091E-30      0.78886091E-30      0.78886091E-30      0.78886091E-30      0.78886091E-30      0.78886091E-30
        407.      0.78886091E-30      0.78886091E-30      0.78886091E-30      0.78886091E-30      0.78886091E-30      0.78886091E-30
        408.      0.78886091E-30      0.78886091E-30      0.78886091E-30      0.78886091E-30      0.78886091E-30      0.78886091E-30
        409.      0.78886091E-30      0.78886091E-30      0.78886091E-30      0.78886091E-30      0.78886091E-30      0.78886091E-30
        410.      0.78886091E-30      0.78886091E-30      0.78886091E-30      0.78886091E-30      0.78886091E-30      0.78886091E-30
        411.      0.78886091E-30      0.78886091E-30      0.78886091E-30      0.78886091E-30      0.78886091E-30      0.78886091E-30
        412.      0.78886091E-30      0.78886091E-30      0.78886091E-30      0.78886091E-30      0.78886091E-30      0.78886091E-30
