NS ColMember_1.
    ElemID              NF [N]              My [Nmm]            Mz [Nmm]            Vy [N]              Vz [N]              T [N/mm]
          1.     -0.49750131E+03     -0.86788258E-14      0.25078235E+04     -0.43150497E-14      0.15197007E-16      0.56517982E+01
          2.     -0.49750131E+03     -0.86199858E-14      0.24513049E+04     -0.43159823E-14      0.15196926E-16      0.56519136E+01
          3.     -0.49750128E+03     -0.85611526E-14      0.23947852E+04     -0.43168933E-14      0.15196858E-16      0.56520262E+01
          4.     -0.49750128E+03     -0.85023244E-14      0.23382646E+04     -0.43177826E-14      0.15196800E-16      0.56521363E+01
          5.     -0.49750128E+03     -0.84435031E-14      0.22817427E+04     -0.43186508E-14      0.15196754E-16      0.56522436E+01
          6.     -0.49750128E+03     -0.83846868E-14      0.22252200E+04     -0.43194979E-14      0.15196719E-16      0.56523480E+01
          7.     -0.49750125E+03     -0.83258756E-14      0.21686963E+04     -0.43203237E-14      0.15196694E-16      0.56524501E+01
          8.     -0.49750125E+03     -0.82670695E-14      0.21121716E+04     -0.43211280E-14      0.15196683E-16      0.56525497E+01
          9.     -0.49750122E+03     -0.82082676E-14      0.20556458E+04     -0.43219107E-14      0.15196702E-16      0.56526465E+01
         10.     -0.49750122E+03     -0.81494709E-14      0.19991193E+04     -0.43226726E-14      0.15196719E-16      0.56527410E+01
         11.     -0.49750122E+03     -0.80906783E-14      0.19425918E+04     -0.43234129E-14      0.15196747E-16      0.56528325E+01
         12.     -0.49750119E+03     -0.80318891E-14      0.18860635E+04     -0.43241316E-14      0.15196787E-16      0.56529212E+01
         13.     -0.49750119E+03     -0.79731042E-14      0.18295342E+04     -0.43248291E-14      0.15196840E-16      0.56530075E+01
         14.     -0.49750116E+03     -0.79143226E-14      0.17730043E+04     -0.43255055E-14      0.15196904E-16      0.56530914E+01
         15.     -0.49750116E+03     -0.78555436E-14      0.17164734E+04     -0.43261606E-14      0.15196980E-16      0.56531725E+01
         16.     -0.49750113E+03     -0.77967680E-14      0.16599419E+04     -0.43267942E-14      0.15197068E-16      0.56532512E+01
         17.     -0.49750110E+03     -0.77379950E-14      0.16034095E+04     -0.43274066E-14      0.15197167E-16      0.56533270E+01
         18.     -0.49750110E+03     -0.76792244E-14      0.15468766E+04     -0.43279979E-14      0.15197280E-16      0.56533999E+01
         19.     -0.49750107E+03     -0.76204564E-14      0.14903428E+04     -0.43285679E-14      0.15197404E-16      0.56534705E+01
         20.     -0.49750107E+03     -0.75616893E-14      0.14338085E+04     -0.43291164E-14      0.15197540E-16      0.56535387E+01
         21.     -0.49750104E+03     -0.75029247E-14      0.13772734E+04     -0.43296436E-14      0.15197688E-16      0.56536040E+01
         22.     -0.49750104E+03     -0.74441609E-14      0.13207378E+04     -0.43301497E-14      0.15197849E-16      0.56536665E+01
         23.     -0.49750101E+03     -0.73853989E-14      0.12642015E+04     -0.43306342E-14      0.15198021E-16      0.56537266E+01
         24.     -0.49750101E+03     -0.73266368E-14      0.12076648E+04     -0.43310980E-14      0.15198205E-16      0.56537843E+01
         25.     -0.49750098E+03     -0.72678756E-14      0.11511274E+04     -0.43315401E-14      0.15198400E-16      0.56538386E+01
         26.     -0.49750098E+03     -0.72091152E-14      0.10945896E+04     -0.43319607E-14      0.15198608E-16      0.56538911E+01
         27.     -0.49750095E+03     -0.71503540E-14      0.10380513E+04     -0.43323605E-14      0.15198828E-16      0.56539407E+01
         28.     -0.49750095E+03     -0.70915932E-14      0.98151245E+03     -0.43327391E-14      0.15199060E-16      0.56539874E+01
         29.     -0.49750092E+03     -0.70328320E-14      0.92497321E+03     -0.43330961E-14      0.15199303E-16      0.56540318E+01
         30.     -0.49750092E+03     -0.69740699E-14      0.86843359E+03     -0.43334320E-14      0.15199558E-16      0.56540737E+01
         31.     -0.49750089E+03     -0.69153070E-14      0.81189355E+03     -0.43337467E-14      0.15199826E-16      0.56541128E+01
         32.     -0.49750089E+03     -0.68565428E-14      0.75535315E+03     -0.43340402E-14      0.15200106E-16      0.56541491E+01
         33.     -0.49750089E+03     -0.67977769E-14      0.69881238E+03     -0.43343125E-14      0.15200397E-16      0.56541829E+01
         34.     -0.49750085E+03     -0.67390094E-14      0.64227136E+03     -0.43345632E-14      0.15200699E-16      0.56542139E+01
         35.     -0.49750085E+03     -0.66802401E-14      0.58572998E+03     -0.43347932E-14      0.15201015E-16      0.56542425E+01
         36.     -0.49750085E+03     -0.66214683E-14      0.52918842E+03     -0.43350015E-14      0.15201341E-16      0.56542683E+01
         37.     -0.49750085E+03     -0.65626940E-14      0.47264658E+03     -0.43351892E-14      0.15201680E-16      0.56542916E+01
         38.     -0.49750082E+03     -0.65039171E-14      0.41610452E+03     -0.43353552E-14      0.15202031E-16      0.56543126E+01
         39.     -0.49750082E+03     -0.64451368E-14      0.35956229E+03     -0.43355000E-14      0.15202395E-16      0.56543303E+01
         40.     -0.49750082E+03     -0.63863536E-14      0.30301990E+03     -0.43356237E-14      0.15202769E-16      0.56543460E+01
         41.     -0.49750082E+03     -0.63275665E-14      0.24647737E+03     -0.43357262E-14      0.15203156E-16      0.56543589E+01
         42.     -0.49750082E+03     -0.62687761E-14      0.18993474E+03     -0.43358075E-14      0.15203553E-16      0.56543689E+01
         43.     -0.49750082E+03     -0.62099810E-14      0.13339201E+03     -0.43358676E-14      0.15203963E-16      0.56543765E+01
         44.     -0.49750079E+03     -0.61511821E-14      0.76849228E+02     -0.43359066E-14      0.15204385E-16      0.56543813E+01
         45.     -0.49750079E+03     -0.60923781E-14      0.20306408E+02     -0.43359244E-14      0.15204820E-16      0.56543837E+01
         46.     -0.49750079E+03     -0.60335694E-14     -0.36236420E+02     -0.43359210E-14      0.15205265E-16      0.56543832E+01
         47.     -0.49750082E+03     -0.59747561E-14     -0.92779228E+02     -0.43358964E-14      0.15205724E-16      0.56543803E+01
         48.     -0.49750082E+03     -0.59159369E-14     -0.14932201E+03     -0.43358507E-14      0.15206194E-16      0.56543746E+01
         49.     -0.49750082E+03     -0.58571121E-14     -0.20586470E+03     -0.43357838E-14      0.15206675E-16      0.56543665E+01
         50.     -0.49750082E+03     -0.57982815E-14     -0.26240732E+03     -0.43356957E-14      0.15207168E-16      0.56543555E+01
         51.     -0.49750082E+03     -0.57394449E-14     -0.31894980E+03     -0.43355864E-14      0.15207673E-16      0.56543422E+01
         52.     -0.49750082E+03     -0.56806019E-14     -0.37549216E+03     -0.43354564E-14      0.15208189E-16      0.56543260E+01
         53.     -0.49750082E+03     -0.56217522E-14     -0.43203436E+03     -0.43353048E-14      0.15208718E-16      0.56543074E+01
         54.     -0.49750085E+03     -0.55628952E-14     -0.48857635E+03     -0.43351320E-14      0.15209259E-16      0.56542859E+01
         55.     -0.49750085E+03     -0.55040315E-14     -0.54511810E+03     -0.43349384E-14      0.15209810E-16      0.56542621E+01
         56.     -0.49750085E+03     -0.54451602E-14     -0.60165967E+03     -0.43347233E-14      0.15210374E-16      0.56542354E+01
         57.     -0.49750089E+03     -0.53862812E-14     -0.65820093E+03     -0.43344874E-14      0.15210950E-16      0.56542058E+01
         58.     -0.49750089E+03     -0.53273942E-14     -0.71474188E+03     -0.43342303E-14      0.15211539E-16      0.56541743E+01
         59.     -0.49750089E+03     -0.52684992E-14     -0.77128253E+03     -0.43339521E-14      0.15212138E-16      0.56541395E+01
         60.     -0.49750092E+03     -0.52095957E-14     -0.82782281E+03     -0.43336526E-14      0.15212748E-16      0.56541023E+01
         61.     -0.49750092E+03     -0.51506833E-14     -0.88436279E+03     -0.43333325E-14      0.15213372E-16      0.56540627E+01
         62.     -0.49750092E+03     -0.50917620E-14     -0.94090234E+03     -0.43329907E-14      0.15214007E-16      0.56540203E+01
         63.     -0.49750095E+03     -0.50328313E-14     -0.99744147E+03     -0.43326282E-14      0.15214652E-16      0.56539755E+01
         64.     -0.49750095E+03     -0.49738914E-14     -0.10539801E+04     -0.43322445E-14      0.15215311E-16      0.56539278E+01
         65.     -0.49750098E+03     -0.49149417E-14     -0.11105183E+04     -0.43318396E-14      0.15215981E-16      0.56538773E+01
         66.     -0.49750098E+03     -0.48559819E-14     -0.11670560E+04     -0.43314135E-14      0.15216662E-16      0.56538243E+01
         67.     -0.49750101E+03     -0.47970114E-14     -0.12235933E+04     -0.43309667E-14      0.15217357E-16      0.56537690E+01
         68.     -0.49750101E+03     -0.47380308E-14     -0.12801299E+04     -0.43304987E-14      0.15218062E-16      0.56537108E+01
         69.     -0.49750104E+03     -0.46790396E-14     -0.13366660E+04     -0.43300096E-14      0.15218778E-16      0.56536503E+01
         70.     -0.49750107E+03     -0.46200370E-14     -0.13932014E+04     -0.43294992E-14      0.15219508E-16      0.56535869E+01
         71.     -0.49750107E+03     -0.45610234E-14     -0.14497363E+04     -0.43289681E-14      0.15220249E-16      0.56535206E+01
         72.     -0.49750107E+03     -0.45019979E-14     -0.15062705E+04     -0.43284159E-14      0.15221000E-16      0.56534519E+01
         73.     -0.49750110E+03     -0.44429606E-14     -0.15628041E+04     -0.43278424E-14      0.15221764E-16      0.56533809E+01
         74.     -0.49750113E+03     -0.43839113E-14     -0.16193369E+04     -0.43272482E-14      0.15222540E-16      0.56533070E+01
         75.     -0.49750113E+03     -0.43248499E-14     -0.16758690E+04     -0.43266329E-14      0.15223328E-16      0.56532302E+01
         76.     -0.49750116E+03     -0.42657757E-14     -0.17324004E+04     -0.43259963E-14      0.15224127E-16      0.56531510E+01
         77.     -0.49750116E+03     -0.42066883E-14     -0.17889310E+04     -0.43253386E-14      0.15224937E-16      0.56530695E+01
         78.     -0.49750119E+03     -0.41475883E-14     -0.18454608E+04     -0.43246601E-14      0.15225760E-16      0.56529851E+01
         79.     -0.49750119E+03     -0.40884747E-14     -0.19019897E+04     -0.43239609E-14      0.15226593E-16      0.56528978E+01
         80.     -0.49750122E+03     -0.40293476E-14     -0.19585178E+04     -0.43232405E-14      0.15227439E-16      0.56528082E+01
         81.     -0.49750122E+03     -0.39702031E-14     -0.20150452E+04     -0.43225015E-14      0.15228374E-16      0.56527162E+01
         82.     -0.49750125E+03     -0.39110603E-14     -0.20715715E+04     -0.43217285E-14      0.15228961E-16      0.56526213E+01
         83.     -0.49750125E+03     -0.38518908E-14     -0.21280969E+04     -0.43209450E-14      0.15229864E-16      0.56525235E+01
         84.     -0.49750128E+03     -0.37927069E-14     -0.21846213E+04     -0.43201404E-14      0.15230781E-16      0.56524234E+01
         85.     -0.49750128E+03     -0.37335078E-14     -0.22411448E+04     -0.43193145E-14      0.15231709E-16      0.56523209E+01
         86.     -0.49750128E+03     -0.36742934E-14     -0.22976675E+04     -0.43184679E-14      0.15232650E-16      0.56522150E+01
         87.     -0.49750128E+03     -0.36150638E-14     -0.23541890E+04     -0.43176001E-14      0.15233605E-16      0.56521072E+01
         88.     -0.49750128E+03     -0.35558185E-14     -0.24107092E+04     -0.43167116E-14      0.15234572E-16      0.56519966E+01
         89.     -0.49750131E+03     -0.34965573E-14     -0.24672288E+04     -0.43158018E-14      0.15235553E-16      0.56518831E+01
         90.     -0.49750131E+03     -0.34372798E-14     -0.25237468E+04     -0.43148714E-14      0.15236548E-16      0.56517673E+01
         91.     -0.49750131E+03     -0.33779858E-14     -0.25802639E+04     -0.43139197E-14      0.15237555E-16      0.56516485E+01
         92.     -0.49750128E+03     -0.33186751E-14     -0.26367800E+04     -0.43129473E-14      0.15238574E-16      0.56515274E+01
         93.     -0.49750128E+03     -0.32593474E-14     -0.26932947E+04     -0.43119538E-14      0.15239608E-16      0.56514039E+01
         94.     -0.49750131E+03     -0.32000024E-14     -0.27498083E+04     -0.43109395E-14      0.15240654E-16      0.56512775E+01
         95.     -0.49750128E+03     -0.31406400E-14     -0.28063208E+04     -0.43099044E-14      0.15241713E-16      0.56511483E+01
         96.     -0.49750128E+03     -0.30812645E-14     -0.28628318E+04     -0.43088443E-14      0.15242884E-16      0.56510167E+01
         97.     -0.49750128E+03     -0.30218485E-14     -0.29193418E+04     -0.43077817E-14      0.15243595E-16      0.56508822E+01
         98.     -0.49750125E+03     -0.29624319E-14     -0.29758501E+04     -0.43066840E-14      0.15244651E-16      0.56507454E+01
         99.     -0.49750125E+03     -0.29029964E-14     -0.30323574E+04     -0.43055650E-14      0.15245718E-16      0.56506057E+01
        100.     -0.49750122E+03     -0.28435423E-14     -0.30888633E+04     -0.43044253E-14      0.15246795E-16      0.56504636E+01
NS ColMember_2.
    ElemID              NF [N]              My [Nmm]            Mz [Nmm]            Vy [N]              Vz [N]              T [N/mm]
        101.     -0.50248798E+03     -0.68590920E-14     -0.39760928E+04      0.22959694E-13      0.15336713E-16     -0.12328821E+02
        102.     -0.50248773E+03     -0.65017525E-14     -0.38528076E+04      0.22961213E-13      0.15338372E-16     -0.12329008E+02
        103.     -0.50248746E+03     -0.61443859E-14     -0.37295208E+04      0.22962636E-13      0.15339969E-16     -0.12329189E+02
        104.     -0.50248721E+03     -0.57869926E-14     -0.36062324E+04      0.22963973E-13      0.15341504E-16     -0.12329359E+02
        105.     -0.50248697E+03     -0.54295735E-14     -0.34829421E+04      0.22965293E-13      0.15342978E-16     -0.12329526E+02
        106.     -0.50248672E+03     -0.50721298E-14     -0.33596506E+04      0.22966614E-13      0.15344389E-16     -0.12329685E+02
        107.     -0.50248651E+03     -0.47146625E-14     -0.32363574E+04      0.22967788E-13      0.15345741E-16     -0.12329839E+02
        108.     -0.50248627E+03     -0.43571726E-14     -0.31130627E+04      0.22968952E-13      0.15347028E-16     -0.12329987E+02
        109.     -0.50248605E+03     -0.39996604E-14     -0.29897666E+04      0.22970155E-13      0.15348255E-16     -0.12330132E+02
        110.     -0.50248584E+03     -0.36421277E-14     -0.28664692E+04      0.22971237E-13      0.15349420E-16     -0.12330270E+02
        111.     -0.50248563E+03     -0.32845750E-14     -0.27431704E+04      0.22972259E-13      0.15350523E-16     -0.12330401E+02
        112.     -0.50248544E+03     -0.29270035E-14     -0.26198704E+04      0.22973255E-13      0.15351566E-16     -0.12330527E+02
        113.     -0.50248526E+03     -0.25694137E-14     -0.24965693E+04      0.22974236E-13      0.15352545E-16     -0.12330647E+02
        114.     -0.50248505E+03     -0.22118069E-14     -0.23732671E+04      0.22975139E-13      0.15353463E-16     -0.12330763E+02
        115.     -0.50248489E+03     -0.18541839E-14     -0.22499636E+04      0.22975960E-13      0.15354320E-16     -0.12330869E+02
        116.     -0.50248471E+03     -0.14965459E-14     -0.21266594E+04      0.22976855E-13      0.15355114E-16     -0.12330972E+02
        117.     -0.50248456E+03     -0.11388934E-14     -0.20033541E+04      0.22977547E-13      0.15355847E-16     -0.12331071E+02
        118.     -0.50248441E+03     -0.78122775E-15     -0.18800479E+04      0.22978288E-13      0.15356519E-16     -0.12331162E+02
        119.     -0.50248425E+03     -0.42354972E-15     -0.17567408E+04      0.22978935E-13      0.15357128E-16     -0.12331244E+02
        120.     -0.50248410E+03     -0.65860292E-16     -0.16334330E+04      0.22979621E-13      0.15357675E-16     -0.12331326E+02
        121.     -0.50248398E+03      0.29183959E-15     -0.15101244E+04      0.22980258E-13      0.15358162E-16     -0.12331398E+02
        122.     -0.50248389E+03      0.64954902E-15     -0.13868151E+04      0.22980710E-13      0.15358585E-16     -0.12331468E+02
        123.     -0.50248376E+03      0.10072670E-14     -0.12635052E+04      0.22981235E-13      0.15358947E-16     -0.12331529E+02
        124.     -0.50248367E+03      0.13649926E-14     -0.11401947E+04      0.22981701E-13      0.15359248E-16     -0.12331585E+02
        125.     -0.50248358E+03      0.17227249E-14     -0.10168838E+04      0.22982032E-13      0.15359487E-16     -0.12331639E+02
        126.     -0.50248352E+03      0.20804628E-14     -0.89357233E+03      0.22982394E-13      0.15359665E-16     -0.12331680E+02
        127.     -0.50248343E+03      0.24382057E-14     -0.77026050E+03      0.22982686E-13      0.15359779E-16     -0.12331718E+02
        128.     -0.50248340E+03      0.27959522E-14     -0.64694830E+03      0.22982952E-13      0.15359834E-16     -0.12331756E+02
        129.     -0.50248334E+03      0.31537019E-14     -0.52363580E+03      0.22983202E-13      0.15359826E-16     -0.12331779E+02
        130.     -0.50248331E+03      0.35114532E-14     -0.40032312E+03      0.22983350E-13      0.15359756E-16     -0.12331800E+02
        131.     -0.50248328E+03      0.38692058E-14     -0.27701022E+03      0.22983467E-13      0.15359624E-16     -0.12331819E+02
        132.     -0.50248325E+03      0.42269583E-14     -0.15369719E+03      0.22983529E-13      0.15359430E-16     -0.12331828E+02
        133.     -0.50248325E+03      0.45847098E-14     -0.30384092E+02      0.22983550E-13      0.15359176E-16     -0.12331833E+02
        134.     -0.50248325E+03      0.49424597E-14      0.92929016E+02      0.22983539E-13      0.15358860E-16     -0.12331833E+02
        135.     -0.50248325E+03      0.53002066E-14      0.21624208E+03      0.22983429E-13      0.15358481E-16     -0.12331824E+02
        136.     -0.50248328E+03      0.56579497E-14      0.33955505E+03      0.22983351E-13      0.15358041E-16     -0.12331813E+02
        137.     -0.50248331E+03      0.60156886E-14      0.46286786E+03      0.22983201E-13      0.15357538E-16     -0.12331792E+02
        138.     -0.50248337E+03      0.63734215E-14      0.58618048E+03      0.22983007E-13      0.15356974E-16     -0.12331770E+02
        139.     -0.50248343E+03      0.67311476E-14      0.70949280E+03      0.22982699E-13      0.15356348E-16     -0.12331738E+02
        140.     -0.50248349E+03      0.70888666E-14      0.83280487E+03      0.22982418E-13      0.15355662E-16     -0.12331701E+02
        141.     -0.50248355E+03      0.74465767E-14      0.95611652E+03      0.22982045E-13      0.15354912E-16     -0.12331657E+02
        142.     -0.50248364E+03      0.78042778E-14      0.10794277E+04      0.22981664E-13      0.15354102E-16     -0.12331614E+02
        143.     -0.50248373E+03      0.81619680E-14      0.12027385E+04      0.22981227E-13      0.15353228E-16     -0.12331557E+02
        144.     -0.50248383E+03      0.85196480E-14      0.13260487E+04      0.22980741E-13      0.15352293E-16     -0.12331500E+02
        145.     -0.50248395E+03      0.88773144E-14      0.14493583E+04      0.22980185E-13      0.15351298E-16     -0.12331432E+02
        146.     -0.50248407E+03      0.92349681E-14      0.15726672E+04      0.22979648E-13      0.15350240E-16     -0.12331366E+02
        147.     -0.50248419E+03      0.95926083E-14      0.16959755E+04      0.22978937E-13      0.15349120E-16     -0.12331286E+02
        148.     -0.50248434E+03      0.99502324E-14      0.18192830E+04      0.22978274E-13      0.15347939E-16     -0.12331203E+02
        149.     -0.50248450E+03      0.10307841E-13      0.19425896E+04      0.22977581E-13      0.15346697E-16     -0.12331116E+02
        150.     -0.50248465E+03      0.10665432E-13      0.20658953E+04      0.22976872E-13      0.15345392E-16     -0.12331023E+02
        151.     -0.50248480E+03      0.11023006E-13      0.21892002E+04      0.22976053E-13      0.15344025E-16     -0.12330925E+02
        152.     -0.50248499E+03      0.11380561E-13      0.23125042E+04      0.22975113E-13      0.15342597E-16     -0.12330815E+02
        153.     -0.50248517E+03      0.11738096E-13      0.24358069E+04      0.22974214E-13      0.15341107E-16     -0.12330705E+02
        154.     -0.50248535E+03      0.12095610E-13      0.25591086E+04      0.22973314E-13      0.15339555E-16     -0.12330589E+02
        155.     -0.50248557E+03      0.12453102E-13      0.26824092E+04      0.22972289E-13      0.15337940E-16     -0.12330468E+02
        156.     -0.50248575E+03      0.12810572E-13      0.28057085E+04      0.22971222E-13      0.15336266E-16     -0.12330340E+02
        157.     -0.50248596E+03      0.13168018E-13      0.29290066E+04      0.22970085E-13      0.15334529E-16     -0.12330202E+02
        158.     -0.50248621E+03      0.13525440E-13      0.30523035E+04      0.22968953E-13      0.15332731E-16     -0.12330063E+02
        159.     -0.50248642E+03      0.13882836E-13      0.31755989E+04      0.22967757E-13      0.15330870E-16     -0.12329915E+02
        160.     -0.50248666E+03      0.14240206E-13      0.32988928E+04      0.22966563E-13      0.15328947E-16     -0.12329766E+02
        161.     -0.50248688E+03      0.14597547E-13      0.34221853E+04      0.22965264E-13      0.15326964E-16     -0.12329608E+02
        162.     -0.50248712E+03      0.14954861E-13      0.35454763E+04      0.22963920E-13      0.15324917E-16     -0.12329445E+02
        163.     -0.50248737E+03      0.15312147E-13      0.36687656E+04      0.22962543E-13      0.15322811E-16     -0.12329275E+02
        164.     -0.50248761E+03      0.15669400E-13      0.37920535E+04      0.22961068E-13      0.15320641E-16     -0.12329101E+02
        165.     -0.50248788E+03      0.16026624E-13      0.39153394E+04      0.22959623E-13      0.15318411E-16     -0.12328921E+02
        166.     -0.50248813E+03      0.16383814E-13      0.40386235E+04      0.22958111E-13      0.15316118E-16     -0.12328732E+02
        167.     -0.50248840E+03      0.16740973E-13      0.41619062E+04      0.22956577E-13      0.15313763E-16     -0.12328541E+02
        168.     -0.50248865E+03      0.17098097E-13      0.42851865E+04      0.22954998E-13      0.15311348E-16     -0.12328344E+02
        169.     -0.50248892E+03      0.17455186E-13      0.44084653E+04      0.22953246E-13      0.15308870E-16     -0.12328138E+02
        170.     -0.50248920E+03      0.17812239E-13      0.45317417E+04      0.22951564E-13      0.15306330E-16     -0.12327929E+02
        171.     -0.50248947E+03      0.18169255E-13      0.46550166E+04      0.22949816E-13      0.15303730E-16     -0.12327713E+02
        172.     -0.50248972E+03      0.18526233E-13      0.47782891E+04      0.22948057E-13      0.15301066E-16     -0.12327493E+02
        173.     -0.50248999E+03      0.18883173E-13      0.49015591E+04      0.22946160E-13      0.15298341E-16     -0.12327262E+02
        174.     -0.50249026E+03      0.19240072E-13      0.50248271E+04      0.22944284E-13      0.15295556E-16     -0.12327033E+02
        175.     -0.50249054E+03      0.19596932E-13      0.51480933E+04      0.22942321E-13      0.15292708E-16     -0.12326796E+02
        176.     -0.50249081E+03      0.19953750E-13      0.52713569E+04      0.22940329E-13      0.15289798E-16     -0.12326548E+02
        177.     -0.50249109E+03      0.20310524E-13      0.53946177E+04      0.22938291E-13      0.15286827E-16     -0.12326300E+02
        178.     -0.50249133E+03      0.20667257E-13      0.55178765E+04      0.22936287E-13      0.15283795E-16     -0.12326045E+02
        179.     -0.50249161E+03      0.21023944E-13      0.56411328E+04      0.22934039E-13      0.15280699E-16     -0.12325784E+02
        180.     -0.50249188E+03      0.21380585E-13      0.57643867E+04      0.22931896E-13      0.15277543E-16     -0.12325516E+02
        181.     -0.50249213E+03      0.21737181E-13      0.58876377E+04      0.22929626E-13      0.15274325E-16     -0.12325242E+02
        182.     -0.50249237E+03      0.22093730E-13      0.60108862E+04      0.22927379E-13      0.15271046E-16     -0.12324963E+02
        183.     -0.50249261E+03      0.22450229E-13      0.61341318E+04      0.22925067E-13      0.15267704E-16     -0.12324678E+02
        184.     -0.50249286E+03      0.22806681E-13      0.62573750E+04      0.22922707E-13      0.15264301E-16     -0.12324389E+02
        185.     -0.50249310E+03      0.23163082E-13      0.63806152E+04      0.22920291E-13      0.15260837E-16     -0.12324092E+02
        186.     -0.50249332E+03      0.23519430E-13      0.65038525E+04      0.22917820E-13      0.15257310E-16     -0.12323791E+02
        187.     -0.50249353E+03      0.23875729E-13      0.66270869E+04      0.22915284E-13      0.15253512E-16     -0.12323483E+02
        188.     -0.50249374E+03      0.24231974E-13      0.67503184E+04      0.22912744E-13      0.15249890E-16     -0.12323169E+02
        189.     -0.50249396E+03      0.24588165E-13      0.68735464E+04      0.22910134E-13      0.15246204E-16     -0.12322846E+02
        190.     -0.50249414E+03      0.24944300E-13      0.69967715E+04      0.22907437E-13      0.15242455E-16     -0.12322525E+02
        191.     -0.50249432E+03      0.25300381E-13      0.71199937E+04      0.22904777E-13      0.15238642E-16     -0.12322192E+02
        192.     -0.50249448E+03      0.25656404E-13      0.72432129E+04      0.22902033E-13      0.15234766E-16     -0.12321855E+02
        193.     -0.50249463E+03      0.26012370E-13      0.73664282E+04      0.22899229E-13      0.15230827E-16     -0.12321512E+02
        194.     -0.50249478E+03      0.26368278E-13      0.74896406E+04      0.22896429E-13      0.15226823E-16     -0.12321166E+02
        195.     -0.50249490E+03      0.26724127E-13      0.76128496E+04      0.22893518E-13      0.15222757E-16     -0.12320811E+02
        196.     -0.50249503E+03      0.27079913E-13      0.77360552E+04      0.22890593E-13      0.15218626E-16     -0.12320450E+02
        197.     -0.50249512E+03      0.27435639E-13      0.78592568E+04      0.22887554E-13      0.15214432E-16     -0.12320086E+02
        198.     -0.50249521E+03      0.27791303E-13      0.79824556E+04      0.22884574E-13      0.15210162E-16     -0.12319714E+02
        199.     -0.50249527E+03      0.28146903E-13      0.81056504E+04      0.22881433E-13      0.15205879E-16     -0.12319337E+02
        200.     -0.50249533E+03      0.28502438E-13      0.82288418E+04      0.22878265E-13      0.15201472E-16     -0.12318954E+02
NS BraceMember_1.
    ElemID              NF [N]              My [Nmm]            Mz [Nmm]            Vy [N]              Vz [N]              T [N/mm]
        201.      0.96362744E+03      0.30138915E-14      0.16443253E+03     -0.58459308E-15     -0.54493087E-17      0.44437069E+00
        202.      0.96362744E+03      0.29674133E-14      0.15999236E+03     -0.58796469E-15     -0.54383242E-17      0.44387469E+00
        203.      0.96362744E+03      0.29210253E-14      0.15555690E+03     -0.59125504E-15     -0.54274455E-17      0.44339183E+00
        204.      0.96362744E+03      0.28747250E-14      0.15112599E+03     -0.59443428E-15     -0.54168166E-17      0.44292292E+00
        205.      0.96362738E+03      0.28285138E-14      0.14669954E+03     -0.59754066E-15     -0.54062031E-17      0.44246718E+00
        206.      0.96362738E+03      0.27823906E-14      0.14227739E+03     -0.60054223E-15     -0.53957231E-17      0.44202533E+00
        207.      0.96362738E+03      0.27363543E-14      0.13785942E+03     -0.60344972E-15     -0.53853759E-17      0.44159585E+00
        208.      0.96362738E+03      0.26904043E-14      0.13344551E+03     -0.60628231E-15     -0.53751615E-17      0.44118115E+00
        209.      0.96362738E+03      0.26445400E-14      0.12903552E+03     -0.60900367E-15     -0.53650794E-17      0.44077957E+00
        210.      0.96362744E+03      0.25987608E-14      0.12462931E+03     -0.61163084E-15     -0.53551288E-17      0.44039232E+00
        211.      0.96362744E+03      0.25530657E-14      0.12022678E+03     -0.61418396E-15     -0.53452907E-17      0.44001710E+00
        212.      0.96362744E+03      0.25074555E-14      0.11582777E+03     -0.61663337E-15     -0.53356739E-17      0.43965608E+00
        213.      0.96362744E+03      0.24619275E-14      0.11143217E+03     -0.61898362E-15     -0.53261213E-17      0.43930835E+00
        214.      0.96362744E+03      0.24164819E-14      0.10703985E+03     -0.62125504E-15     -0.53166972E-17      0.43897328E+00
        215.      0.96362744E+03      0.23711182E-14      0.10265067E+03     -0.62344505E-15     -0.53074009E-17      0.43865305E+00
        216.      0.96362744E+03      0.23258356E-14      0.98264519E+02     -0.62552203E-15     -0.52982324E-17      0.43834496E+00
        217.      0.96362744E+03      0.22806335E-14      0.93881256E+02     -0.62752346E-15     -0.52891914E-17      0.43805167E+00
        218.      0.96362744E+03      0.22355114E-14      0.89500748E+02     -0.62943156E-15     -0.52802772E-17      0.43777004E+00
        219.      0.96362750E+03      0.21904685E-14      0.85122879E+02     -0.63124733E-15     -0.52714901E-17      0.43750301E+00
        220.      0.96362750E+03      0.21455042E-14      0.80747505E+02     -0.63296295E-15     -0.52628291E-17      0.43724918E+00
        221.      0.96362750E+03      0.21006180E-14      0.76374512E+02     -0.63459301E-15     -0.52542943E-17      0.43700862E+00
        222.      0.96362750E+03      0.20558091E-14      0.72003769E+02     -0.63613863E-15     -0.52458856E-17      0.43678153E+00
        223.      0.96362750E+03      0.20110769E-14      0.67635139E+02     -0.63757901E-15     -0.52376022E-17      0.43656760E+00
        224.      0.96362750E+03      0.19664209E-14      0.63268501E+02     -0.63895120E-15     -0.52294441E-17      0.43636772E+00
        225.      0.96362756E+03      0.19218405E-14      0.58903721E+02     -0.64022107E-15     -0.52214109E-17      0.43617985E+00
        226.      0.96362756E+03      0.18773348E-14      0.54540676E+02     -0.64140119E-15     -0.52135023E-17      0.43600720E+00
        227.      0.96362756E+03      0.18329035E-14      0.50179237E+02     -0.64248248E-15     -0.52057177E-17      0.43584657E+00
        228.      0.96362756E+03      0.17885459E-14      0.45819271E+02     -0.64347076E-15     -0.51980576E-17      0.43569970E+00
        229.      0.96362756E+03      0.17442615E-14      0.41460651E+02     -0.64438889E-15     -0.51905207E-17      0.43556538E+00
        230.      0.96362756E+03      0.17000494E-14      0.37103252E+02     -0.64520585E-15     -0.51831075E-17      0.43544468E+00
        231.      0.96362756E+03      0.16559092E-14      0.32746944E+02     -0.64593743E-15     -0.51758176E-17      0.43533772E+00
        232.      0.96362756E+03      0.16118404E-14      0.28391598E+02     -0.64656719E-15     -0.51686501E-17      0.43524486E+00
        233.      0.96362756E+03      0.15678421E-14      0.24037086E+02     -0.64712068E-15     -0.51616050E-17      0.43516499E+00
        234.      0.96362756E+03      0.15239140E-14      0.19683279E+02     -0.64757246E-15     -0.51546823E-17      0.43509829E+00
        235.      0.96362762E+03      0.14800554E-14      0.15330050E+02     -0.64792663E-15     -0.51478812E-17      0.43504405E+00
        236.      0.96362762E+03      0.14362657E-14      0.10977271E+02     -0.64821134E-15     -0.51412017E-17      0.43500432E+00
        237.      0.96362762E+03      0.13925444E-14      0.66248116E+01     -0.64839758E-15     -0.51346434E-17      0.43497759E+00
        238.      0.96362762E+03      0.13488909E-14      0.22725456E+01     -0.64847974E-15     -0.51282063E-17      0.43496412E+00
        239.      0.96362762E+03      0.13053045E-14     -0.20796561E+01     -0.64847884E-15     -0.51218895E-17      0.43496445E+00
        240.      0.96362762E+03      0.12617846E-14     -0.64319220E+01     -0.64840457E-15     -0.51156935E-17      0.43497780E+00
        241.      0.96362762E+03      0.12183310E-14     -0.10784380E+02     -0.64823416E-15     -0.51096171E-17      0.43500394E+00
        242.      0.96362762E+03      0.11749427E-14     -0.15137157E+02     -0.64796734E-15     -0.51036605E-17      0.43504402E+00
        243.      0.96362756E+03      0.11316194E-14     -0.19490385E+02     -0.64761217E-15     -0.50978235E-17      0.43509746E+00
        244.      0.96362756E+03      0.10883605E-14     -0.23844189E+02     -0.64715710E-15     -0.50921057E-17      0.43516472E+00
        245.      0.96362756E+03      0.10451654E-14     -0.28198698E+02     -0.64661653E-15     -0.50865065E-17      0.43524387E+00
        246.      0.96362756E+03      0.10020335E-14     -0.32554039E+02     -0.64598671E-15     -0.50810256E-17      0.43533686E+00
        247.      0.96362756E+03      0.95896433E-15     -0.36910343E+02     -0.64528045E-15     -0.50756634E-17      0.43544328E+00
        248.      0.96362756E+03      0.91595739E-15     -0.41267738E+02     -0.64446073E-15     -0.50704186E-17      0.43556452E+00
        249.      0.96362756E+03      0.87301208E-15     -0.45626350E+02     -0.64356949E-15     -0.50652918E-17      0.43569741E+00
        250.      0.96362756E+03      0.83012781E-15     -0.49986313E+02     -0.64258360E-15     -0.50602819E-17      0.43584415E+00
        251.      0.96362756E+03      0.78730415E-15     -0.54347748E+02     -0.64149871E-15     -0.50553896E-17      0.43600401E+00
        252.      0.96362756E+03      0.74454053E-15     -0.58710785E+02     -0.64032578E-15     -0.50506134E-17      0.43617678E+00
        253.      0.96362750E+03      0.70183641E-15     -0.63075554E+02     -0.63906852E-15     -0.50459539E-17      0.43636408E+00
        254.      0.96362750E+03      0.65919132E-15     -0.67442184E+02     -0.63771713E-15     -0.50414102E-17      0.43656489E+00
        255.      0.96362750E+03      0.61660467E-15     -0.71810806E+02     -0.63627680E-15     -0.50369828E-17      0.43677872E+00
        256.      0.96362750E+03      0.57407605E-15     -0.76181549E+02     -0.63474261E-15     -0.50326702E-17      0.43700555E+00
        257.      0.96362750E+03      0.53160481E-15     -0.80554527E+02     -0.63312055E-15     -0.50284731E-17      0.43724698E+00
        258.      0.96362750E+03      0.48919059E-15     -0.84929886E+02     -0.63139980E-15     -0.50243910E-17      0.43750000E+00
        259.      0.96362750E+03      0.44683280E-15     -0.89307747E+02     -0.62958133E-15     -0.50204234E-17      0.43776649E+00
        260.      0.96362744E+03      0.40453097E-15     -0.93688248E+02     -0.62769615E-15     -0.50165700E-17      0.43804744E+00
        261.      0.96362744E+03      0.36228462E-15     -0.98071503E+02     -0.62571023E-15     -0.50128307E-17      0.43834132E+00
        262.      0.96362744E+03      0.32009325E-15     -0.10245764E+03     -0.62362806E-15     -0.50092048E-17      0.43864858E+00
        263.      0.96362744E+03      0.27795638E-15     -0.10684681E+03     -0.62146934E-15     -0.50056926E-17      0.43896949E+00
        264.      0.96362744E+03      0.23587353E-15     -0.11123911E+03     -0.61918775E-15     -0.50022933E-17      0.43930402E+00
        265.      0.96362744E+03      0.19384480E-15     -0.11563470E+03     -0.61683067E-15     -0.49989494E-17      0.43965125E+00
        266.      0.96362744E+03      0.15186651E-15     -0.12003369E+03     -0.61440085E-15     -0.49959819E-17      0.44001266E+00
        267.      0.96362744E+03      0.10994286E-15     -0.12443622E+03     -0.61186658E-15     -0.49928862E-17      0.44038707E+00
        268.      0.96362738E+03      0.68071373E-16     -0.12884241E+03     -0.60923088E-15     -0.49898996E-17      0.44077465E+00
        269.      0.96362738E+03      0.26251576E-16     -0.13325238E+03     -0.60649947E-15     -0.49870215E-17      0.44117638E+00
        270.      0.96362738E+03     -0.15516970E-16     -0.13766629E+03     -0.60368901E-15     -0.49842508E-17      0.44159138E+00
        271.      0.96362738E+03     -0.57234718E-16     -0.14208424E+03     -0.60078893E-15     -0.49815885E-17      0.44201985E+00
        272.      0.96362738E+03     -0.98902101E-16     -0.14650638E+03     -0.59777646E-15     -0.49790330E-17      0.44246185E+00
        273.      0.96362744E+03     -0.14052028E-15     -0.15093282E+03     -0.59470406E-15     -0.49765125E-17      0.44291648E+00
        274.      0.96362744E+03     -0.18208556E-15     -0.15536369E+03     -0.59151386E-15     -0.49744508E-17      0.44338453E+00
        275.      0.96362744E+03     -0.22360439E-15     -0.15979915E+03     -0.58824077E-15     -0.49722749E-17      0.44386780E+00
        276.      0.96362744E+03     -0.26507459E-15     -0.16423929E+03     -0.58486984E-15     -0.49702082E-17      0.44436359E+00
        277.      0.96362744E+03     -0.30649654E-15     -0.16868427E+03     -0.58141136E-15     -0.49682507E-17      0.44487336E+00
        278.      0.96362744E+03     -0.34787069E-15     -0.17313420E+03     -0.57785286E-15     -0.49664019E-17      0.44539610E+00
        279.      0.96362750E+03     -0.38919742E-15     -0.17758922E+03     -0.57419564E-15     -0.49646619E-17      0.44593218E+00
        280.      0.96362750E+03     -0.43047713E-15     -0.18204945E+03     -0.57046287E-15     -0.49630299E-17      0.44648266E+00
        281.      0.96362750E+03     -0.47171027E-15     -0.18651503E+03     -0.56661973E-15     -0.49615054E-17      0.44704616E+00
        282.      0.96362756E+03     -0.51289714E-15     -0.19098608E+03     -0.56269622E-15     -0.49600889E-17      0.44762367E+00
        283.      0.96362762E+03     -0.55403816E-15     -0.19546275E+03     -0.55867191E-15     -0.49587794E-17      0.44821411E+00
        284.      0.96362762E+03     -0.59513377E-15     -0.19994516E+03     -0.55455454E-15     -0.49575767E-17      0.44881845E+00
        285.      0.96362769E+03     -0.63618427E-15     -0.20443344E+03     -0.55034441E-15     -0.49564807E-17      0.44943574E+00
        286.      0.96362775E+03     -0.67719003E-15     -0.20892770E+03     -0.54602507E-15     -0.49554910E-17      0.45006704E+00
        287.      0.96362775E+03     -0.71815127E-15     -0.21342810E+03     -0.54163157E-15     -0.49546981E-17      0.45071262E+00
        288.      0.96362781E+03     -0.75906948E-15     -0.21793477E+03     -0.53714012E-15     -0.49535773E-17      0.45137227E+00
        289.      0.96362787E+03     -0.79994332E-15     -0.22244781E+03     -0.53255460E-15     -0.49528841E-17      0.45204431E+00
        290.      0.96362793E+03     -0.84077385E-15     -0.22696739E+03     -0.52786151E-15     -0.49522956E-17      0.45272988E+00
        291.      0.96362805E+03     -0.88156140E-15     -0.23149361E+03     -0.52308737E-15     -0.49518109E-17      0.45342970E+00
        292.      0.96362811E+03     -0.92230633E-15     -0.23602661E+03     -0.51821142E-15     -0.49514304E-17      0.45414329E+00
        293.      0.96362817E+03     -0.96300902E-15     -0.24056653E+03     -0.51323484E-15     -0.49511528E-17      0.45487067E+00
        294.      0.96362830E+03     -0.10036698E-14     -0.24511349E+03     -0.50817016E-15     -0.49509783E-17      0.45561141E+00
        295.      0.96362836E+03     -0.10442888E-14     -0.24966763E+03     -0.50299564E-15     -0.49509067E-17      0.45636696E+00
        296.      0.96362848E+03     -0.10848665E-14     -0.25422908E+03     -0.49773345E-15     -0.49509374E-17      0.45713523E+00
        297.      0.96362860E+03     -0.11254032E-14     -0.25879797E+03     -0.49238031E-15     -0.49510705E-17      0.45791700E+00
        298.      0.96362872E+03     -0.11658991E-14     -0.26337442E+03     -0.48692732E-15     -0.49513055E-17      0.45871386E+00
        299.      0.96362885E+03     -0.12063547E-14     -0.26795859E+03     -0.48136713E-15     -0.49516417E-17      0.45952356E+00
        300.      0.96362903E+03     -0.12467700E-14     -0.27255060E+03     -0.47571604E-15     -0.49520793E-17      0.46034762E+00
NS BraceMember_2.
    ElemID              NF [N]              My [Nmm]            Mz [Nmm]            Vy [N]              Vz [N]              T [N/mm]
        301.     -0.10895846E+04      0.24521204E-13     -0.33098645E+04     -0.41221512E-13      0.20701709E-16     -0.11915862E+02
        302.     -0.10895836E+04      0.24522722E-13     -0.31908623E+04     -0.41297674E-13      0.20494276E-16     -0.11927086E+02
        303.     -0.10895819E+04      0.24521434E-13     -0.30717544E+04     -0.41371085E-13      0.20289500E-16     -0.11937897E+02
        304.     -0.10895795E+04      0.24517399E-13     -0.29525447E+04     -0.41441717E-13      0.20087405E-16     -0.11948296E+02
        305.     -0.10895763E+04      0.24510667E-13     -0.28332375E+04     -0.41509554E-13      0.19888011E-16     -0.11958281E+02
        306.     -0.10895726E+04      0.24501289E-13     -0.27138364E+04     -0.41574603E-13      0.19691342E-16     -0.11967854E+02
        307.     -0.10895686E+04      0.24489313E-13     -0.25943457E+04     -0.41636860E-13      0.19497416E-16     -0.11977014E+02
        308.     -0.10895641E+04      0.24474792E-13     -0.24747690E+04     -0.41696328E-13      0.19306253E-16     -0.11985761E+02
        309.     -0.10895593E+04      0.24457778E-13     -0.23551106E+04     -0.41753005E-13      0.19117869E-16     -0.11994095E+02
        310.     -0.10895543E+04      0.24438322E-13     -0.22353743E+04     -0.41806863E-13      0.18932282E-16     -0.12002014E+02
        311.     -0.10895492E+04      0.24416473E-13     -0.21155640E+04     -0.41857912E-13      0.18749511E-16     -0.12009521E+02
        312.     -0.10895439E+04      0.24392287E-13     -0.19956837E+04     -0.41906166E-13      0.18569568E-16     -0.12016612E+02
        313.     -0.10895387E+04      0.24365812E-13     -0.18757374E+04     -0.41951600E-13      0.18392472E-16     -0.12023291E+02
        314.     -0.10895334E+04      0.24337103E-13     -0.17557291E+04     -0.41994203E-13      0.18218236E-16     -0.12029554E+02
        315.     -0.10895283E+04      0.24306212E-13     -0.16356628E+04     -0.42034024E-13      0.18046876E-16     -0.12035403E+02
        316.     -0.10895233E+04      0.24273189E-13     -0.15155425E+04     -0.42070995E-13      0.17878402E-16     -0.12040838E+02
        317.     -0.10895186E+04      0.24238090E-13     -0.13953719E+04     -0.42105157E-13      0.17712829E-16     -0.12045857E+02
        318.     -0.10895139E+04      0.24200966E-13     -0.12751553E+04     -0.42136481E-13      0.17550169E-16     -0.12050463E+02
        319.     -0.10895096E+04      0.24161869E-13     -0.11548966E+04     -0.42164985E-13      0.17390432E-16     -0.12054654E+02
        320.     -0.10895057E+04      0.24120854E-13     -0.10345996E+04     -0.42190670E-13      0.17233631E-16     -0.12058431E+02
        321.     -0.10895021E+04      0.24077974E-13     -0.91426849E+03     -0.42213500E-13      0.17079777E-16     -0.12061790E+02
        322.     -0.10894988E+04      0.24033281E-13     -0.79390710E+03     -0.42233510E-13      0.16928880E-16     -0.12064736E+02
        323.     -0.10894960E+04      0.23986830E-13     -0.67351953E+03     -0.42250695E-13      0.16780947E-16     -0.12067266E+02
        324.     -0.10894935E+04      0.23938674E-13     -0.55310968E+03     -0.42265020E-13      0.16635988E-16     -0.12069382E+02
        325.     -0.10894916E+04      0.23888867E-13     -0.43268155E+03     -0.42276526E-13      0.16494015E-16     -0.12071081E+02
        326.     -0.10894901E+04      0.23837460E-13     -0.31223911E+03     -0.42285203E-13      0.16355030E-16     -0.12072368E+02
        327.     -0.10894891E+04      0.23784512E-13     -0.19178635E+03     -0.42291013E-13      0.16219045E-16     -0.12073236E+02
        328.     -0.10894885E+04      0.23730074E-13     -0.71327248E+02     -0.42293995E-13      0.16086067E-16     -0.12073689E+02
        329.     -0.10894885E+04      0.23674202E-13      0.49134212E+02     -0.42294124E-13      0.15956101E-16     -0.12073730E+02
        330.     -0.10894890E+04      0.23616947E-13      0.16959406E+03     -0.42291433E-13      0.15829155E-16     -0.12073352E+02
        331.     -0.10894899E+04      0.23558365E-13      0.29004831E+03     -0.42285877E-13      0.15705235E-16     -0.12072560E+02
        332.     -0.10894913E+04      0.23498512E-13      0.41049295E+03     -0.42277491E-13      0.15584346E-16     -0.12071353E+02
        333.     -0.10894932E+04      0.23437441E-13      0.53092407E+03     -0.42266246E-13      0.15466492E-16     -0.12069731E+02
        334.     -0.10894955E+04      0.23375206E-13      0.65133765E+03     -0.42252175E-13      0.15351683E-16     -0.12067693E+02
        335.     -0.10894983E+04      0.23311863E-13      0.77172968E+03     -0.42235265E-13      0.15239919E-16     -0.12065239E+02
        336.     -0.10895015E+04      0.23247466E-13      0.89209625E+03     -0.42215468E-13      0.15131206E-16     -0.12062369E+02
        337.     -0.10895050E+04      0.23182070E-13      0.10124333E+04     -0.42192876E-13      0.15025549E-16     -0.12059087E+02
        338.     -0.10895089E+04      0.23115729E-13      0.11327369E+04     -0.42167428E-13      0.14922952E-16     -0.12055388E+02
        339.     -0.10895132E+04      0.23048498E-13      0.12530032E+04     -0.42139123E-13      0.14823419E-16     -0.12051275E+02
        340.     -0.10895177E+04      0.22980432E-13      0.13732279E+04     -0.42107983E-13      0.14726952E-16     -0.12046746E+02
        341.     -0.10895225E+04      0.22911587E-13      0.14934073E+04     -0.42074007E-13      0.14633555E-16     -0.12041803E+02
        342.     -0.10895275E+04      0.22842017E-13      0.16135374E+04     -0.42037202E-13      0.14543233E-16     -0.12036447E+02
        343.     -0.10895326E+04      0.22771776E-13      0.17336141E+04     -0.41997550E-13      0.14455989E-16     -0.12030674E+02
        344.     -0.10895377E+04      0.22700920E-13      0.18536335E+04     -0.41955050E-13      0.14371823E-16     -0.12024487E+02
        345.     -0.10895431E+04      0.22629505E-13      0.19735917E+04     -0.41909723E-13      0.14290740E-16     -0.12017887E+02
        346.     -0.10895483E+04      0.22557583E-13      0.20934846E+04     -0.41861554E-13      0.14212743E-16     -0.12010872E+02
        347.     -0.10895535E+04      0.22485211E-13      0.22133081E+04     -0.41810559E-13      0.14137834E-16     -0.12003443E+02
        348.     -0.10895585E+04      0.22412444E-13      0.23330586E+04     -0.41756729E-13      0.14066016E-16     -0.11995601E+02
        349.     -0.10895634E+04      0.22339337E-13      0.24527319E+04     -0.41700069E-13      0.13997291E-16     -0.11987344E+02
        350.     -0.10895679E+04      0.22265943E-13      0.25723242E+04     -0.41640580E-13      0.13931662E-16     -0.11978673E+02
        351.     -0.10895720E+04      0.22192321E-13      0.26918313E+04     -0.41578293E-13      0.13869130E-16     -0.11969591E+02
        352.     -0.10895757E+04      0.22118521E-13      0.28112495E+04     -0.41513173E-13      0.13809700E-16     -0.11960094E+02
        353.     -0.10895789E+04      0.22044600E-13      0.29305745E+04     -0.41445227E-13      0.13753372E-16     -0.11950185E+02
        354.     -0.10895815E+04      0.21970613E-13      0.30498025E+04     -0.41374446E-13      0.13700149E-16     -0.11939863E+02
        355.     -0.10895834E+04      0.21896823E-13      0.31689297E+04     -0.41300805E-13      0.13653689E-16     -0.11929129E+02
        356.     -0.10895845E+04      0.21822083E-13      0.32879521E+04     -0.41224673E-13      0.13595998E-16     -0.11917982E+02
NS BraceMember_3.
    ElemID              NF [N]              My [Nmm]            Mz [Nmm]            Vy [N]              Vz [N]              T [N/mm]
        357.     -0.10973844E+04      0.31431068E-13      0.36990051E+04      0.36995485E-13     -0.20290813E-16      0.12585842E+02
        358.     -0.10973855E+04      0.31444912E-13      0.35732979E+04      0.37082005E-13     -0.20379838E-16      0.12598489E+02
        359.     -0.10973855E+04      0.31458245E-13      0.34474712E+04      0.37165509E-13     -0.20473714E-16      0.12610697E+02
        360.     -0.10973846E+04      0.31471211E-13      0.33215298E+04      0.37246034E-13     -0.20568754E-16      0.12622466E+02
        361.     -0.10973828E+04      0.31483781E-13      0.31954775E+04      0.37323551E-13     -0.20667328E-16      0.12633796E+02
        362.     -0.10973801E+04      0.31495856E-13      0.30693188E+04      0.37398067E-13     -0.20768857E-16      0.12644686E+02
        363.     -0.10973768E+04      0.31507379E-13      0.29430579E+04      0.37469556E-13     -0.20873334E-16      0.12655137E+02
        364.     -0.10973730E+04      0.31518299E-13      0.28166990E+04      0.37538061E-13     -0.20980756E-16      0.12665148E+02
        365.     -0.10973687E+04      0.31528559E-13      0.26902461E+04      0.37603547E-13     -0.21091117E-16      0.12674717E+02
        366.     -0.10973639E+04      0.31538103E-13      0.25637036E+04      0.37666034E-13     -0.21204413E-16      0.12683847E+02
        367.     -0.10973589E+04      0.31546878E-13      0.24370757E+04      0.37725499E-13     -0.21320637E-16      0.12692538E+02
        368.     -0.10973535E+04      0.31554830E-13      0.23103665E+04      0.37781938E-13     -0.21439784E-16      0.12700786E+02
        369.     -0.10973480E+04      0.31561905E-13      0.21835806E+04      0.37835363E-13     -0.21561851E-16      0.12708593E+02
        370.     -0.10973425E+04      0.31568044E-13      0.20567217E+04      0.37885761E-13     -0.21686833E-16      0.12715959E+02
        371.     -0.10973369E+04      0.31573197E-13      0.19297946E+04      0.37933124E-13     -0.21814723E-16      0.12722883E+02
        372.     -0.10973314E+04      0.31577310E-13      0.18028031E+04      0.37977464E-13     -0.21945517E-16      0.12729367E+02
        373.     -0.10973260E+04      0.31580326E-13      0.16757516E+04      0.38018803E-13     -0.22079207E-16      0.12735409E+02
        374.     -0.10973207E+04      0.31582189E-13      0.15486443E+04      0.38057082E-13     -0.22215793E-16      0.12741009E+02
        375.     -0.10973157E+04      0.31582847E-13      0.14214855E+04      0.38092359E-13     -0.22355266E-16      0.12746167E+02
        376.     -0.10973109E+04      0.31582243E-13      0.12942793E+04      0.38124587E-13     -0.22497619E-16      0.12750884E+02
        377.     -0.10973064E+04      0.31580329E-13      0.11670300E+04      0.38153786E-13     -0.22642848E-16      0.12755157E+02
        378.     -0.10973024E+04      0.31577046E-13      0.10397421E+04      0.38179969E-13     -0.22790948E-16      0.12758989E+02
        379.     -0.10972986E+04      0.31572337E-13      0.91241937E+03      0.38203107E-13     -0.22941912E-16      0.12762378E+02
        380.     -0.10972953E+04      0.31566153E-13      0.78506635E+03      0.38223216E-13     -0.23095733E-16      0.12765326E+02
        381.     -0.10972924E+04      0.31558438E-13      0.65768719E+03      0.38240299E-13     -0.23252403E-16      0.12767830E+02
        382.     -0.10972900E+04      0.31549138E-13      0.53028619E+03      0.38254342E-13     -0.23411918E-16      0.12769893E+02
        383.     -0.10972881E+04      0.31538198E-13      0.40286755E+03      0.38265350E-13     -0.23574269E-16      0.12771511E+02
        384.     -0.10972867E+04      0.31525563E-13      0.27543549E+03      0.38273323E-13     -0.23739447E-16      0.12772689E+02
        385.     -0.10972859E+04      0.31511184E-13      0.14799428E+03      0.38278273E-13     -0.23907447E-16      0.12773423E+02
        386.     -0.10972855E+04      0.31495006E-13      0.20548149E+02      0.38280180E-13     -0.24078260E-16      0.12773715E+02
        387.     -0.10972856E+04      0.31476974E-13     -0.10689866E+03      0.38279062E-13     -0.24251875E-16      0.12773565E+02
        388.     -0.10972864E+04      0.31457032E-13     -0.23434189E+03      0.38274915E-13     -0.24428286E-16      0.12772971E+02
        389.     -0.10972876E+04      0.31435131E-13     -0.36177731E+03      0.38267732E-13     -0.24607483E-16      0.12771936E+02
        390.     -0.10972893E+04      0.31411217E-13     -0.48920068E+03      0.38257534E-13     -0.24789456E-16      0.12770457E+02
        391.     -0.10972915E+04      0.31385234E-13     -0.61660779E+03      0.38244320E-13     -0.24974194E-16      0.12768536E+02
        392.     -0.10972942E+04      0.31357133E-13     -0.74399432E+03      0.38228040E-13     -0.25161686E-16      0.12766172E+02
        393.     -0.10972974E+04      0.31326860E-13     -0.87135614E+03      0.38208755E-13     -0.25351923E-16      0.12763367E+02
        394.     -0.10973010E+04      0.31294361E-13     -0.99868890E+03      0.38186468E-13     -0.25544891E-16      0.12760118E+02
        395.     -0.10973049E+04      0.31259585E-13     -0.11259884E+04      0.38161145E-13     -0.25740579E-16      0.12756428E+02
        396.     -0.10973093E+04      0.31222478E-13     -0.12532505E+04      0.38132803E-13     -0.25938973E-16      0.12752295E+02
        397.     -0.10973140E+04      0.31182993E-13     -0.13804707E+04      0.38101453E-13     -0.26140060E-16      0.12747720E+02
        398.     -0.10973190E+04      0.31141068E-13     -0.15076450E+04      0.38067087E-13     -0.26343828E-16      0.12742702E+02
        399.     -0.10973242E+04      0.31096663E-13     -0.16347692E+04      0.38029713E-13     -0.26550261E-16      0.12737243E+02
        400.     -0.10973296E+04      0.31049717E-13     -0.17618389E+04      0.37989323E-13     -0.26759342E-16      0.12731342E+02
        401.     -0.10973351E+04      0.31000183E-13     -0.18888499E+04      0.37945927E-13     -0.26971059E-16      0.12724999E+02
        402.     -0.10973406E+04      0.30948009E-13     -0.20157980E+04      0.37899520E-13     -0.27185392E-16      0.12718216E+02
        403.     -0.10973462E+04      0.30893145E-13     -0.21426790E+04      0.37850131E-13     -0.27402326E-16      0.12710990E+02
        404.     -0.10973517E+04      0.30835536E-13     -0.22694885E+04      0.37797758E-13     -0.27621842E-16      0.12703323E+02
        405.     -0.10973571E+04      0.30775140E-13     -0.23962227E+04      0.37742355E-13     -0.27843922E-16      0.12695216E+02
        406.     -0.10973622E+04      0.30711897E-13     -0.25228767E+04      0.37683974E-13     -0.28068548E-16      0.12686667E+02
        407.     -0.10973671E+04      0.30645764E-13     -0.26494470E+04      0.37622639E-13     -0.28295695E-16      0.12677678E+02
        408.     -0.10973716E+04      0.30576687E-13     -0.27759287E+04      0.37558281E-13     -0.28525347E-16      0.12668248E+02
        409.     -0.10973756E+04      0.30504614E-13     -0.29023181E+04      0.37490959E-13     -0.28757480E-16      0.12658379E+02
        410.     -0.10973792E+04      0.30429503E-13     -0.30286108E+04      0.37420679E-13     -0.28992075E-16      0.12648068E+02
        411.     -0.10973820E+04      0.30351301E-13     -0.31548025E+04      0.37347417E-13     -0.29229105E-16      0.12637318E+02
        412.     -0.10973840E+04      0.30270162E-13     -0.32808889E+04      0.37271086E-13     -0.29464683E-16      0.12626128E+02
