t	F	F_Cor	x						
0,00	380	3800	0,001176517						
1,00	380	3800	0,000000000						
2,00	380	3800	0,000098808						
3,00	380	3800	0,000316792						
4,00	380	3800	-0,000167766						
5,00	380	3800	0,000347295						
6,00	380	3800	0,000637766						
7,00	380	3800	0,000546309						
8,00	380	3800	0,000398607						
9,00	380	3800	0,000534289						
10,00	380	3800	0,000352791						
11,00	380	3800	0,000812120						
12,00	380	3800	0,000558385						
13,00	380	3800	0,000604017						
14,00	390	3900	0,003531465						
15,00	480	4800	0,006102705						
16,00	520	5200	0,010256670						
17,00	630	6300	0,012983330						
18,00	750	7500	0,013212090						
19,00	820	8200	0,012649230						
20,00	840	8400	0,012138760						
21,00	840	8400	0,011756330						
22,00	850	8500	0,011457510						
23,00	850	8500	0,011401140						
24,00	850	8500	0,011121620						
25,00	850	8500	0,010832840						
26,00	850	8500	0,010825710						
27,00	840	8400	0,010751310						
28,00	840	8400	0,010944220						
29,00	840	8400	0,010847640						
30,00	840	8400	0,010942070						
31,00	860	8600	0,013793220						
32,00	900	9000	0,017082330						
33,00	1090	10900	0,021814790						
34,00	1160	11600	0,025114560						
35,00	1230	12300	0,024558900						
36,00	1290	12900	0,023716220						
37,00	1300	13000	0,022913420						
38,00	1310	13100	0,022959390						
39,00	1320	13200	0,023114300						
40,00	1320	13200	0,022730620						
41,00	1320	13200	0,022661490						
42,00	1320	13200	0,021936160						
43,00	1310	13100	0,022222160						
44,00	1310	13100	0,022121680						
45,00	1310	13100	0,023032500						
46,00	1310	13100	0,023641340						
47,00	1310	13100	0,022657230						
48,00	1310	13100	0,022369650						
49,00	1310	13100	0,022305160						
50,00	1310	13100	0,022291620						
51,00	1310	13100	0,023525300						
52,00	1350	13500	0,027074590						
53,00	1450	14500	0,031080180						
54,00	1600	16000	0,034475040						
55,00	1660	16600	0,038547880						
56,00	1790	17900	0,039429280						
57,00	1830	18300	0,039614690						
58,00	1830	18300	0,040198540						
59,00	1840	18400	0,040363490						
60,00	1840	18400	0,040982890						
61,00	1840	18400	0,040808350						
62,00	1840	18400	0,040713520						
63,00	1840	18400	0,041282700						
64,00	1840	18400	0,041201560						
65,00	1840	18400	0,041244260						
66,00	1830	18300	0,041575240						
67,00	1830	18300	0,041373220						
68,00	1830	18300	0,041333170						
69,00	1830	18300	0,041474310						
70,00	1830	18300	0,041389110						
71,00	1830	18300	0,041092700						
72,00	1830	18300	0,041405560						
73,00	1830	18300	0,041294170						
74,00	1830	18300	0,041059110						
75,00	1830	18300	0,041385000						
76,00	1830	18300	0,041321620						
77,00	1910	19100	0,043469960						
78,00	1920	19200	0,043109470						
79,00	1930	19300	0,042783300						
80,00	1930	19300	0,042415770						
81,00	1950	19500	0,042242980						
82,00	2010	20100	0,042538950						
83,00	2020	20200	0,044509040						
84,00	2030	20300	0,044020080						
85,00	2030	20300	0,043505640						
86,00	2030	20300	0,043294310						
87,00	2030	20300	0,042850490						
88,00	2030	20300	0,042716800						
89,00	2030	20300	0,044390020						
90,00	2100	21000	0,045939290						
91,00	2160	21600	0,045179110						
92,00	2170	21700	0,044581610						
93,00	2180	21800	0,045398740						
94,00	2240	22400	0,047791250						
95,00	2270	22700	0,049145650						
96,00	2300	23000	0,049860490						
97,00	2300	23000	0,050733520						
98,00	2310	23100	0,052212590						
99,00	2320	23200	0,052237180						
100,00	2330	23300	0,052852200						
101,00	2330	23300	0,052644680						
102,00	2330	23300	0,053925060						
103,00	2370	23700	0,057483940						
104,00	2420	24200	0,057779290						
105,00	2450	24500	0,058657290						
106,00	2460	24600	0,059520670						
107,00	2470	24700	0,061952370						
108,00	2500	25000	0,062107060						
109,00	2510	25100	0,061547980						
110,00	2520	25200	0,062128750						
111,00	2520	25200	0,061885280						
112,00	2520	25200	0,064122230						
113,00	2560	25600	0,063552400						
114,00	2580	25800	0,063700480						
115,00	2590	25900	0,063097680						
116,00	2590	25900	0,065036820						
117,00	2670	26700	0,066271320						
118,00	2700	27000	0,065286250						
119,00	2720	27200	0,064882620						
120,00	2780	27800	0,065895640						
121,00	2760	27600	0,069258880						
122,00	2840	28400	0,069825210						
123,00	2860	28600	0,070732330						
124,00	2870	28700	0,070859390						
125,00	2870	28700	0,070949700						
126,00	2870	28700	0,071154330						
127,00	2890	28900	0,075291180						
128,00	2940	29400	0,076047890						
129,00	3010	30100	0,075143910						
130,00	3020	30200	0,074785050						
131,00	3030	30300	0,074731510						
132,00	3040	30400	0,078434750						
133,00	3030	30300	0,080948780						
134,00	3160	31600	0,081212650						
135,00	3180	31800	0,081703450						
136,00	3180	31800	0,081816790						
137,00	3250	32500	0,084345120						
138,00	3260	32600	0,087242570						
139,00	3300	33000	0,086490880						
140,00	3320	33200	0,085577490						
141,00	3330	33300	0,085097820						
142,00	3330	33300	0,084882830						
143,00	3330	33300	0,084812950						
144,00	3320	33200	0,085364890						
145,00	3340	33400	0,089673560						
146,00	3420	34200	0,091012060						
147,00	3450	34500	0,091615310						
148,00	3460	34600	0,092205210						
149,00	3450	34500	0,092575840						
150,00	3460	34600	0,092754220						
151,00	3460	34600	0,094371900						
152,00	3490	34900	0,097593090						
153,00	3560	35600	0,096700520						
154,00	3580	35800	0,096353770						
155,00	3600	36000	0,096088490						
156,00	3600	36000	0,095290420						
157,00	3600	36000	0,094915120						
158,00	3600	36000	0,096151650						
159,00	3660	36600	0,098182640						
160,00	3700	37000	0,098069450						
161,00	3780	37800	0,097251110						
162,00	3740	37400	0,096868410						
163,00	3730	37300	0,096321020						
164,00	3730	37300	0,096507390						
165,00	3780	37800	0,096690500						
166,00	3780	37800	0,100105200						
167,00	3790	37900	0,101723000						
168,00	3820	38200	0,102295400						
169,00	3820	38200	0,102943000						
170,00	3820	38200	0,103170900						
171,00	3820	38200	0,103670000						
172,00	3820	38200	0,106728500						
173,00	3880	38800	0,107710500						
174,00	3920	39200	0,106909300						
175,00	3930	39300	0,106403800						
176,00	3930	39300	0,106002000						
177,00	3930	39300	0,105616400						
178,00	3930	39300	0,106114100						
179,00	3930	39300	0,110015200						
180,00	4000	40000	0,111773900						
181,00	4030	40300	0,112799700						
182,00	4030	40300	0,113425900						
183,00	4030	40300	0,113739900						
184,00	4080	40800	0,115564100						
185,00	4130	41300	0,120366900						
186,00	4170	41700	0,123170000						
187,00	4180	41800	0,123111000						
188,00	4180	41800	0,123856900						
189,00	4180	41800	0,123729800						
190,00	4180	41800	0,124057000						
191,00	4180	41800	0,124495100						
192,00	4170	41700	0,124684600						
193,00	4240	42400	0,127723900						
194,00	4270	42700	0,128629800						
195,00	4280	42800	0,128144300						
196,00	4280	42800	0,127658600						
197,00	4280	42800	0,126682200						
198,00	4310	43100	0,127593200						
199,00	4350	43500	0,132626000						
200,00	4400	44000	0,134914100						
201,00	4400	44000	0,134765500						
202,00	4400	44000	0,135203900						
203,00	4400	44000	0,135153400						
204,00	4400	44000	0,133973300						
205,00	4410	44100	0,139011000						
206,00	4480	44800	0,140833100						
207,00	4490	44900	0,142505700						
208,00	4500	45000	0,143345100						
209,00	4500	45000	0,143140900						
210,00	4490	44900	0,143643400						
211,00	4480	44800	0,144570900						
212,00	4480	44800	0,145066900						
213,00	4470	44700	0,145179400						
214,00	4470	44700	0,144972100						
215,00	4460	44600	0,144815600						
216,00	4460	44600	0,144842600						
217,00	4460	44600	0,144750000						
218,00	4450	44500	0,144686300						
219,00	4450	44500	0,144850100						
220,00	4450	44500	0,146046600						
221,00	4470	44700	0,149275500						
222,00	4550	45500	0,148386100						
223,00	4580	45800	0,148064300						
224,00	4560	45600	0,146558500						
225,00	4560	45600	0,146708800						
226,00	4580	45800	0,147001900						
227,00	4570	45700	0,149232500						
228,00	4640	46400	0,152555100						
229,00	4660	46600	0,153870600						
230,00	4670	46700	0,154499000						
231,00	4670	46700	0,154846200						
232,00	4660	46600	0,154995500						
233,00	4650	46500	0,155253300						
234,00	4650	46500	0,155148800						
235,00	4640	46400	0,155372200						
236,00	4640	46400	0,155657700						
237,00	4640	46400	0,155953700						
238,00	4630	46300	0,155994800						
239,00	4630	46300	0,155808100						
240,00	4630	46300	0,155620100						
241,00	4630	46300	0,155531400						
242,00	4620	46200	0,155600600						
243,00	4620	46200	0,155823900						
244,00	4620	46200	0,155358900						
245,00	4620	46200	0,155817300						
246,00	4620	46200	0,155867400						
247,00	4620	46200	0,155669200						
248,00	4610	46100	0,155697600						
249,00	4610	46100	0,155447500						
250,00	4610	46100	0,155645100						
251,00	4610	46100	0,155389200						
252,00	4610	46100	0,155605900						
253,00	4610	46100	0,155539100						
254,00	4610	46100	0,155476900						
255,00	4610	46100	0,155195100						
256,00	4600	46000	0,155490800						
257,00	4600	46000	0,155447300						
258,00	4600	46000	0,155512600						
259,00	4600	46000	0,155515800						
260,00	4600	46000	0,155506800						
261,00	4600	46000	0,155380200						
262,00	4600	46000	0,155150400						
263,00	4600	46000	0,155579000						
264,00	4600	46000	0,155717100						
265,00	4600	46000	0,155462800						
266,00	4600	46000	0,156106400						
267,00	4590	45900	0,155298800						
268,00	4590	45900	0,155561800						
269,00	4590	45900	0,155894600						
270,00	4590	45900	0,155998100						
271,00	4590	45900	0,155818800						
272,00	4590	45900	0,155935000						
273,00	4590	45900	0,155875400						
274,00	4590	45900	0,155790000						
275,00	4590	45900	0,155808900						
276,00	4590	45900	0,155875200						
277,00	4590	45900	0,155885500						
278,00	4590	45900	0,155963300						
279,00	4590	45900	0,156224700						
280,00	4590	45900	0,156274300						
281,00	4590	45900	0,156277500						
282,00	4580	45800	0,156375800						
283,00	4580	45800	0,156331200						
284,00	4580	45800	0,156185900						
285,00	4580	45800	0,156309900						
286,00	4580	45800	0,156311300						
287,00	4580	45800	0,156099500						
288,00	4580	45800	0,155503700						
289,00	4580	45800	0,155455800						
290,00	4580	45800	0,155710900						
291,00	4580	45800	0,155904100						
292,00	4580	45800	0,155867300						
293,00	4580	45800	0,155572200						
294,00	4580	45800	0,155745000						
295,00	4580	45800	0,155613700						
296,00	4580	45800	0,155704300						
297,00	4580	45800	0,155772100						
298,00	4580	45800	0,155623600						
299,00	4580	45800	0,156145500						
300,00	4580	45800	0,156098800						
301,00	4580	45800	0,155869300						
302,00	4580	45800	0,155908600						
303,00	4570	45700	0,156016800						
304,00	4570	45700	0,156068400						
305,00	4570	45700	0,155854600						
306,00	4570	45700	0,155667600						
307,00	4570	45700	0,155651600						
308,00	4570	45700	0,155828100						
309,00	4570	45700	0,156000900						
310,00	4570	45700	0,155863200						
311,00	4570	45700	0,155948000						
312,00	4570	45700	0,155599800						
313,00	4570	45700	0,155857200						
314,00	4570	45700	0,156140500						
315,00	4570	45700	0,155808500						
316,00	4570	45700	0,156041800						
317,00	4570	45700	0,156028200						
318,00	4570	45700	0,156099400						
319,00	4570	45700	0,155963000						
320,00	4570	45700	0,155691300						
321,00	4570	45700	0,155698200						
322,00	4570	45700	0,155291200						
323,00	4570	45700	0,155275200						
324,00	4570	45700	0,155466300						
325,00	4570	45700	0,155631900						
326,00	4570	45700	0,155755000						
327,00	4570	45700	0,155817400						
328,00	4570	45700	0,155632400						
329,00	4570	45700	0,154282100						
330,00	4570	45700	0,155677300						
331,00	4570	45700	0,155626300						
332,00	4570	45700	0,157067100						
333,00	4570	45700	0,158270100						
334,00	4650	46500	0,162238700						
335,00	4720	47200	0,161272400						
336,00	4740	47400	0,162659200						
337,00	4740	47400	0,164775800						
338,00	4740	47400	0,164501100						
339,00	4740	47400	0,165206400						
340,00	4760	47600	0,168867100						
341,00	4790	47900	0,173500500						
342,00	4850	48500	0,174505800						
343,00	4860	48600	0,174829600						
344,00	4850	48500	0,175328400						
345,00	4850	48500	0,176181900						
346,00	4840	48400	0,175748200						
347,00	4830	48300	0,175771300						
348,00	4830	48300	0,175830400						
349,00	4830	48300	0,175910700						
350,00	4820	48200	0,175714400						
351,00	4820	48200	0,175923900						
352,00	4820	48200	0,175749800						
353,00	4820	48200	0,175269600						
354,00	4810	48100	0,175774500						
355,00	4810	48100	0,175739500						
356,00	4810	48100	0,175748800						
357,00	4810	48100	0,175769300						
358,00	4810	48100	0,175711500						
359,00	4800	48000	0,176753400						
360,00	4850	48500	0,181216200						
361,00	4890	48900	0,183025900						
362,00	4930	49300	0,183975200						
363,00	4930	49300	0,184474300						
364,00	4920	49200	0,184980100						
365,00	4920	49200	0,185144600						
366,00	4910	49100	0,185489800						
367,00	4910	49100	0,185298900						
368,00	4910	49100	0,185618400						
369,00	4900	49000	0,185701600						
370,00	4910	49100	0,187475100						
371,00	4940	49400	0,190186300						
372,00	4990	49900	0,189114200						
373,00	4990	49900	0,188483900						
374,00	4990	49900	0,188002100						
375,00	4980	49800	0,187532500						
376,00	4980	49800	0,187225800						
377,00	4970	49700	0,189220200						
378,00	5000	50000	0,192408600						
379,00	5060	50600	0,193787700						
380,00	5050	50500	0,194404900						
381,00	5040	50400	0,195038500						
382,00	5040	50400	0,195224800						
383,00	5030	50300	0,195494500						
384,00	5030	50300	0,195700200						
385,00	5020	50200	0,195615100						
386,00	5020	50200	0,195651300						
387,00	5020	50200	0,195803200						
388,00	5010	50100	0,195654400						
389,00	5010	50100	0,195938600						
390,00	5010	50100	0,197412400						
391,00	5040	50400	0,201097400						
392,00	5110	51100	0,200193000						
393,00	5120	51200	0,199574000						
394,00	5110	51100	0,199117300						
395,00	5100	51000	0,198529100						
396,00	5100	51000	0,198117700						
397,00	5090	50900	0,197844300						
398,00	5090	50900	0,197765900						
399,00	5080	50800	0,197491000						
400,00	5100	51000	0,201329300						
401,00	5140	51400	0,203480400						
402,00	5170	51700	0,204171000						
403,00	5170	51700	0,204773900						
404,00	5160	51600	0,204967200						
405,00	5150	51500	0,205527300						
406,00	5150	51500	0,206146200						
407,00	5140	51400	0,206101900						
408,00	5130	51300	0,206158200						
409,00	5130	51300	0,206248900						
410,00	5130	51300	0,206296800						
411,00	5120	51200	0,206453900						
412,00	5120	51200	0,206591700						
413,00	5120	51200	0,206616600						
414,00	5120	51200	0,206566400						
415,00	5110	51100	0,206630900						
416,00	5110	51100	0,206814300						
417,00	5110	51100	0,206207700						
418,00	5110	51100	0,206910300						
419,00	5130	51300	0,208418800						
420,00	5140	51400	0,209114600						
421,00	5180	51800	0,211625000						
422,00	5220	52200	0,210287700						
423,00	5220	52200	0,209513600						
424,00	5210	52100	0,209288800						
425,00	5210	52100	0,208707200						
426,00	5200	52000	0,208699400						
427,00	5190	51900	0,208992500						
428,00	5230	52300	0,213320000						
429,00	5260	52600	0,216523300						
430,00	5280	52800	0,217271400						
431,00	5270	52700	0,217126200						
432,00	5260	52600	0,217209300						
433,00	5250	52500	0,217387700						
434,00	5250	52500	0,217464600						
435,00	5240	52400	0,217688000						
436,00	5230	52300	0,218332200						
437,00	5230	52300	0,217764300						
438,00	5220	52200	0,217334100						
439,00	5220	52200	0,217234400						
440,00	5220	52200	0,218312100						
441,00	5240	52400	0,222525100						
442,00	5280	52800	0,224746000						
443,00	5310	53100	0,226020900						
444,00	5300	53000	0,226701100						
445,00	5300	53000	0,226694800						
446,00	5290	52900	0,226492300						
447,00	5280	52800	0,229455000						
448,00	5330	53300	0,231760400						
449,00	5360	53600	0,230756700						
450,00	5360	53600	0,230002900						
451,00	5340	53400	0,229565500						
452,00	5330	53300	0,229320000						
453,00	5320	53200	0,228869000						
454,00	5320	53200	0,228697400						
455,00	5310	53100	0,229336600						
456,00	5370	53700	0,236392800						
457,00	5400	54000	0,236429600						
458,00	5390	53900	0,237802600						
459,00	5380	53800	0,237551200						
460,00	5370	53700	0,237309500						
461,00	5360	53600	0,237620300						
462,00	5360	53600	0,237674600						
463,00	5350	53500	0,237772600						
464,00	5340	53400	0,237858800						
465,00	5340	53400	0,238591400						
466,00	5340	53400	0,241527800						
467,00	5380	53800	0,244072300						
468,00	5430	54300	0,245424100						
469,00	5420	54200	0,245977900						
470,00	5410	54100	0,246450600						
471,00	5400	54000	0,246896400						
472,00	5400	54000	0,247642100						
473,00	5390	53900	0,248701600						
474,00	5420	54200	0,249416100						
475,00	5460	54600	0,256517900						
476,00	5480	54800	0,257425500						
477,00	5460	54600	0,257712400						
478,00	5450	54500	0,258023800						
479,00	5440	54400	0,258159100						
480,00	5430	54300	0,258098300						
481,00	5420	54200	0,258251200						
482,00	5410	54100	0,258446600						
483,00	5410	54100	0,258633700						
484,00	5400	54000	0,258165000						
485,00	5400	54000	0,258210700						
486,00	5400	54000	0,258561300						
487,00	5390	53900	0,257650900						
488,00	5390	53900	0,258406500						
489,00	5390	53900	0,258927700						
490,00	5390	53900	0,258691100						
491,00	5380	53800	0,258844800						
492,00	5380	53800	0,258886800						
493,00	5380	53800	0,258934000						
494,00	5380	53800	0,259282800						
495,00	5370	53700	0,258914400						
496,00	5370	53700	0,259971800						
497,00	5420	54200	0,260793000						
498,00	5470	54700	0,265995000						
499,00	5500	55000	0,266800500						
500,00	5490	54900	0,267782900						
501,00	5490	54900	0,267815800						
502,00	5470	54700	0,268034300						
503,00	5470	54700	0,268276900						
504,00	5460	54600	0,268458500						
505,00	5450	54500	0,268262400						
506,00	5450	54500	0,268482300						
507,00	5440	54400	0,270027300						
508,00	5470	54700	0,278468600						
509,00	5530	55300	0,278680500						
510,00	5530	55300	0,279560800						
511,00	5530	55300	0,279741700						
512,00	5520	55200	0,278640600						
513,00	5520	55200	0,278913500						
514,00	5520	55200	0,281235100						
515,00	5520	55200	0,288090300						
516,00	5570	55700	0,289688700						
517,00	5590	55900	0,289624300						
518,00	5570	55700	0,289784500						
519,00	5560	55600	0,289633600						
520,00	5540	55400	0,289462700						
521,00	5530	55300	0,289413600						
522,00	5520	55200	0,291676500						
523,00	5540	55400	0,299490600						
524,00	5610	56100	0,300535400						
525,00	5590	55900	0,300084400						
526,00	5580	55800	0,300240900						
527,00	5560	55600	0,300454000						
528,00	5550	55500	0,300357600						
529,00	5540	55400	0,300236300						
530,00	5530	55300	0,300141500						
531,00	5520	55200	0,300048900						
532,00	5520	55200	0,300129900						
533,00	5510	55100	0,300024200						
534,00	5510	55100	0,299785100						
535,00	5500	55000	0,300107900						
536,00	5500	55000	0,299956100						
537,00	5500	55000	0,300120500						
538,00	5490	54900	0,300731100						
539,00	5530	55300	0,308391600						
540,00	5560	55600	0,311462900						
541,00	5600	56000	0,311652100						
542,00	5590	55900	0,311486200						
543,00	5580	55800	0,311162400						
544,00	5560	55600	0,311111000						
545,00	5550	55500	0,310905900						
546,00	5540	55400	0,310827500						
547,00	5530	55300	0,310748700						
548,00	5530	55300	0,310710100						
549,00	5520	55200	0,310706700						
550,00	5520	55200	0,310710200						
551,00	5510	55100	0,310619400						
552,00	5510	55100	0,310456800						
553,00	5510	55100	0,310513000						
554,00	5500	55000	0,310410700						
555,00	5500	55000	0,310683200						
556,00	5500	55000	0,310424200						
557,00	5490	54900	0,310477900						
558,00	5490	54900	0,310584800						
559,00	5490	54900	0,310439000						
560,00	5490	54900	0,310534200						
561,00	5490	54900	0,310630700						
562,00	5480	54800	0,310495900						
563,00	5480	54800	0,311715300						
									
