NS ColMember_1.
    ElemID              NF [N]              My [Nmm]            Mz [Nmm]            Vy [N]              Vz [N]              T [N/mm]
          1.     -0.27559306E+06      0.22763004E-12     -0.76394906E+05      0.22545733E-12     -0.52866608E-16     -0.51909241E+02
          2.     -0.27559306E+06      0.22742778E-12     -0.75848188E+05      0.23054746E-12      0.27983607E-15     -0.21510887E+03
          3.     -0.27559306E+06      0.22723445E-12     -0.75286055E+05      0.23559380E-12      0.61208162E-15     -0.37828534E+03
          4.     -0.27559306E+06      0.22704957E-12     -0.74708633E+05      0.24059544E-12      0.94356802E-15     -0.54137677E+03
          5.     -0.27559303E+06      0.22687269E-12     -0.74116023E+05      0.24555154E-12      0.12739958E-14     -0.70432172E+03
          6.     -0.27559303E+06      0.22670334E-12     -0.73508352E+05      0.25046127E-12      0.16030679E-14     -0.86705878E+03
          7.     -0.27559300E+06      0.22654104E-12     -0.72885742E+05      0.25532376E-12      0.19304902E-14     -0.10295270E+04
          8.     -0.27559297E+06      0.22638530E-12     -0.72248320E+05      0.26013816E-12      0.22559710E-14     -0.11916658E+04
          9.     -0.27559294E+06      0.22623562E-12     -0.71596219E+05      0.26490366E-12      0.25792221E-14     -0.13534148E+04
         10.     -0.27559291E+06      0.22609147E-12     -0.70929570E+05      0.26961948E-12      0.28999581E-14     -0.15147141E+04
         11.     -0.27559288E+06      0.22595235E-12     -0.70248508E+05      0.27428472E-12      0.32178968E-14     -0.16755040E+04
         12.     -0.27559281E+06      0.22581774E-12     -0.69553164E+05      0.27889868E-12      0.35327595E-14     -0.18357255E+04
         13.     -0.27559278E+06      0.22568706E-12     -0.68843695E+05      0.28346048E-12      0.38442709E-14     -0.19953195E+04
         14.     -0.27559272E+06      0.22555981E-12     -0.68120234E+05      0.28796938E-12      0.41521593E-14     -0.21542278E+04
         15.     -0.27559266E+06      0.22543538E-12     -0.67382930E+05      0.29242461E-12      0.44561565E-14     -0.23123926E+04
         16.     -0.27559259E+06      0.22531324E-12     -0.66631930E+05      0.29682542E-12      0.47559981E-14     -0.24697561E+04
         17.     -0.27559253E+06      0.22519280E-12     -0.65867391E+05      0.30117101E-12      0.50514246E-14     -0.26262615E+04
         18.     -0.27559247E+06      0.22507347E-12     -0.65089461E+05      0.30546065E-12      0.53421792E-14     -0.27818523E+04
         19.     -0.27559238E+06      0.22495468E-12     -0.64298312E+05      0.30969365E-12      0.56280100E-14     -0.29364724E+04
         20.     -0.27559231E+06      0.22483582E-12     -0.63494094E+05      0.31386921E-12      0.59086693E-14     -0.30900662E+04
         21.     -0.27559222E+06      0.22471628E-12     -0.62676973E+05      0.31798669E-12      0.61839144E-14     -0.32425789E+04
         22.     -0.27559212E+06      0.22459543E-12     -0.61847113E+05      0.32204534E-12      0.64535055E-14     -0.33939561E+04
         23.     -0.27559203E+06      0.22447269E-12     -0.61004688E+05      0.32604450E-12      0.67172084E-14     -0.35441436E+04
         24.     -0.27559194E+06      0.22434738E-12     -0.60149863E+05      0.32998344E-12      0.69747945E-14     -0.36930884E+04
         25.     -0.27559184E+06      0.22421890E-12     -0.59282816E+05      0.33386155E-12      0.72260389E-14     -0.38407378E+04
         26.     -0.27559175E+06      0.22408660E-12     -0.58403723E+05      0.33767810E-12      0.74707205E-14     -0.39870398E+04
         27.     -0.27559166E+06      0.22394983E-12     -0.57512762E+05      0.34143248E-12      0.77086266E-14     -0.41319429E+04
         28.     -0.27559153E+06      0.22380794E-12     -0.56610113E+05      0.34512405E-12      0.79395456E-14     -0.42753960E+04
         29.     -0.27559144E+06      0.22366026E-12     -0.55695957E+05      0.34875217E-12      0.81632741E-14     -0.44173491E+04
         30.     -0.27559131E+06      0.22350612E-12     -0.54770484E+05      0.35231621E-12      0.83796131E-14     -0.45577524E+04
         31.     -0.27559122E+06      0.22334488E-12     -0.53833883E+05      0.35581558E-12      0.85883677E-14     -0.46965576E+04
         32.     -0.27559109E+06      0.22317583E-12     -0.52886340E+05      0.35924971E-12      0.87893500E-14     -0.48337168E+04
         33.     -0.27559097E+06      0.22299831E-12     -0.51928047E+05      0.36261795E-12      0.89823778E-14     -0.49691816E+04
         34.     -0.27559084E+06      0.22281164E-12     -0.50959203E+05      0.36591978E-12      0.91672733E-14     -0.51029062E+04
         35.     -0.27559072E+06      0.22261511E-12     -0.49980004E+05      0.36915463E-12      0.93438652E-14     -0.52348438E+04
         36.     -0.27559059E+06      0.22240804E-12     -0.48990648E+05      0.37232194E-12      0.95119877E-14     -0.53649497E+04
         37.     -0.27559047E+06      0.22218975E-12     -0.47991336E+05      0.37542116E-12      0.96714815E-14     -0.54931792E+04
         38.     -0.27559034E+06      0.22195951E-12     -0.46982273E+05      0.37845180E-12      0.98221915E-14     -0.56194888E+04
         39.     -0.27559022E+06      0.22171663E-12     -0.45963660E+05      0.38141330E-12      0.99639713E-14     -0.57438354E+04
         40.     -0.27559009E+06      0.22146042E-12     -0.44935707E+05      0.38430519E-12      0.10096678E-13     -0.58661768E+04
         41.     -0.27558997E+06      0.22119015E-12     -0.43898621E+05      0.38712699E-12      0.10220177E-13     -0.59864717E+04
         42.     -0.27558981E+06      0.22090512E-12     -0.42852613E+05      0.38987818E-12      0.10334336E-13     -0.61046797E+04
         43.     -0.27558969E+06      0.22060461E-12     -0.41797898E+05      0.39255833E-12      0.10439036E-13     -0.62207607E+04
         44.     -0.27558956E+06      0.22028791E-12     -0.40734691E+05      0.39516697E-12      0.10534157E-13     -0.63346763E+04
         45.     -0.27558941E+06      0.21995432E-12     -0.39663203E+05      0.39770368E-12      0.10619590E-13     -0.64463882E+04
         46.     -0.27558928E+06      0.21960310E-12     -0.38583652E+05      0.40016799E-12      0.10695230E-13     -0.65558594E+04
         47.     -0.27558916E+06      0.21923354E-12     -0.37496266E+05      0.40255952E-12      0.10760980E-13     -0.66630537E+04
         48.     -0.27558903E+06      0.21884493E-12     -0.36401254E+05      0.40487785E-12      0.10816749E-13     -0.67679351E+04
         49.     -0.27558888E+06      0.21843654E-12     -0.35298848E+05      0.40712258E-12      0.10862452E-13     -0.68704697E+04
         50.     -0.27558875E+06      0.21800766E-12     -0.34189266E+05      0.40929334E-12      0.10898011E-13     -0.69706235E+04
         51.     -0.27558862E+06      0.21755757E-12     -0.33072738E+05      0.41138978E-12      0.10923356E-13     -0.70683643E+04
         52.     -0.27558850E+06      0.21708553E-12     -0.31949486E+05      0.41341152E-12      0.10938420E-13     -0.71636592E+04
         53.     -0.27558838E+06      0.21659085E-12     -0.30819742E+05      0.41535826E-12      0.10943147E-13     -0.72564780E+04
         54.     -0.27558825E+06      0.21607282E-12     -0.29683736E+05      0.41722962E-12      0.10937487E-13     -0.73467910E+04
         55.     -0.27558809E+06      0.21553069E-12     -0.28541697E+05      0.41902530E-12      0.10921393E-13     -0.74345684E+04
         56.     -0.27558797E+06      0.21496378E-12     -0.27393855E+05      0.42074504E-12      0.10894829E-13     -0.75197827E+04
         57.     -0.27558788E+06      0.21437135E-12     -0.26240449E+05      0.42238852E-12      0.10857765E-13     -0.76024067E+04
         58.     -0.27558775E+06      0.21375272E-12     -0.25081709E+05      0.42395544E-12      0.10810177E-13     -0.76824141E+04
         59.     -0.27558762E+06      0.21310716E-12     -0.23917871E+05      0.42544559E-12      0.10752046E-13     -0.77597793E+04
         60.     -0.27558750E+06      0.21243398E-12     -0.22749172E+05      0.42685866E-12      0.10683366E-13     -0.78344790E+04
         61.     -0.27558741E+06      0.21173246E-12     -0.21575850E+05      0.42819448E-12      0.10604131E-13     -0.79064888E+04
         62.     -0.27558728E+06      0.21100192E-12     -0.20398143E+05      0.42945278E-12      0.10514346E-13     -0.79757871E+04
         63.     -0.27558719E+06      0.21024167E-12     -0.19216289E+05      0.43063339E-12      0.10414021E-13     -0.80423530E+04
         64.     -0.27558706E+06      0.20945100E-12     -0.18030531E+05      0.43173608E-12      0.10303175E-13     -0.81061655E+04
         65.     -0.27558697E+06      0.20862924E-12     -0.16841107E+05      0.43276065E-12      0.10181832E-13     -0.81672051E+04
         66.     -0.27558688E+06      0.20777569E-12     -0.15648263E+05      0.43370700E-12      0.10050023E-13     -0.82254541E+04
         67.     -0.27558678E+06      0.20688969E-12     -0.14452236E+05      0.43457490E-12      0.99077876E-14     -0.82808955E+04
         68.     -0.27558669E+06      0.20597056E-12     -0.13253272E+05      0.43536426E-12      0.97551717E-14     -0.83335127E+04
         69.     -0.27558659E+06      0.20501764E-12     -0.12051615E+05      0.43607492E-12      0.95922263E-14     -0.83832900E+04
         70.     -0.27558650E+06      0.20403026E-12     -0.10847508E+05      0.43670677E-12      0.94190115E-14     -0.84302139E+04
         71.     -0.27558644E+06      0.20300776E-12     -0.96411963E+04      0.43725974E-12      0.92355941E-14     -0.84742715E+04
         72.     -0.27558634E+06      0.20194951E-12     -0.84329248E+04      0.43773370E-12      0.90420462E-14     -0.85154492E+04
         73.     -0.27558628E+06      0.20085485E-12     -0.72229385E+04      0.43812856E-12      0.88384491E-14     -0.85537373E+04
         74.     -0.27558622E+06      0.19972315E-12     -0.60114844E+04      0.43844434E-12      0.86248884E-14     -0.85891250E+04
         75.     -0.27558616E+06      0.19855377E-12     -0.47988081E+04      0.43868091E-12      0.84014589E-14     -0.86216035E+04
         76.     -0.27558609E+06      0.19734610E-12     -0.35851565E+04      0.43883826E-12      0.81682597E-14     -0.86511650E+04
         77.     -0.27558603E+06      0.19609951E-12     -0.23707754E+04      0.43891640E-12      0.79253993E-14     -0.86778027E+04
         78.     -0.27558597E+06      0.19481342E-12     -0.11559122E+04      0.43891529E-12      0.76729911E-14     -0.87015098E+04
         79.     -0.27558594E+06      0.19348719E-12      0.59186390E+02      0.43883492E-12      0.74111554E-14     -0.87222822E+04
         80.     -0.27558591E+06      0.19212027E-12      0.12742734E+04      0.43867535E-12      0.71400202E-14     -0.87401152E+04
         81.     -0.27558584E+06      0.19071206E-12      0.24891021E+04      0.43843661E-12      0.68597196E-14     -0.87550078E+04
         82.     -0.27558581E+06      0.18926198E-12      0.37034255E+04      0.43811873E-12      0.65703935E-14     -0.87669570E+04
         83.     -0.27558581E+06      0.18776946E-12      0.49169966E+04      0.43772177E-12      0.62721888E-14     -0.87759619E+04
         84.     -0.27558578E+06      0.18623398E-12      0.61295693E+04      0.43724581E-12      0.59652592E-14     -0.87820234E+04
         85.     -0.27558575E+06      0.18465494E-12      0.73408965E+04      0.43669094E-12      0.56497648E-14     -0.87851436E+04
         86.     -0.27558575E+06      0.18303185E-12      0.85507324E+04      0.43605725E-12      0.53258721E-14     -0.87853232E+04
         87.     -0.27558575E+06      0.18136417E-12      0.97588311E+04      0.43534485E-12      0.49937530E-14     -0.87825674E+04
         88.     -0.27558572E+06      0.17965138E-12      0.10964948E+05      0.43455390E-12      0.46535872E-14     -0.87768799E+04
         89.     -0.27558572E+06      0.17789297E-12      0.12168836E+05      0.43368450E-12      0.43055591E-14     -0.87682666E+04
         90.     -0.27558575E+06      0.17608845E-12      0.13370252E+05      0.43273685E-12      0.39498603E-14     -0.87567344E+04
         91.     -0.27558575E+06      0.17423735E-12      0.14568952E+05      0.43171109E-12      0.35866877E-14     -0.87422900E+04
         92.     -0.27558578E+06      0.17233917E-12      0.15764691E+05      0.43060740E-12      0.32162451E-14     -0.87249434E+04
         93.     -0.27558578E+06      0.17039347E-12      0.16957227E+05      0.42942597E-12      0.28387409E-14     -0.87047031E+04
         94.     -0.27558581E+06      0.16839980E-12      0.18146318E+05      0.42816705E-12      0.24543908E-14     -0.86815811E+04
         95.     -0.27558584E+06      0.16635772E-12      0.19331723E+05      0.42683080E-12      0.20634155E-14     -0.86555879E+04
         96.     -0.27558588E+06      0.16426681E-12      0.20513197E+05      0.42541751E-12      0.16660412E-14     -0.86267373E+04
         97.     -0.27558591E+06      0.16212665E-12      0.21690506E+05      0.42392739E-12      0.12625002E-14     -0.85950439E+04
         98.     -0.27558597E+06      0.15993684E-12      0.22863404E+05      0.42236071E-12      0.85302999E-15     -0.85605205E+04
         99.     -0.27558600E+06      0.15769700E-12      0.24031660E+05      0.42071777E-12      0.43787381E-15     -0.85231846E+04
        100.     -0.27558606E+06      0.15540676E-12      0.25195031E+05      0.41899882E-12      0.17279995E-16     -0.84830518E+04
NS ColMember_2.
    ElemID              NF [N]              My [Nmm]            Mz [Nmm]            Vy [N]              Vz [N]              T [N/mm]
        101.     -0.92649512E+04     -0.15235617E-12     -0.26198375E+05      0.39666035E-12     -0.77694002E-15     -0.78195405E+04
        102.     -0.92649004E+04     -0.15290637E-12     -0.25099285E+05      0.39671969E-12     -0.36453373E-15     -0.78611699E+04
        103.     -0.92648535E+04     -0.15345478E-12     -0.24000023E+05      0.39677655E-12      0.39805804E-16     -0.79004121E+04
        104.     -0.92648096E+04     -0.15400140E-12     -0.22900600E+05      0.39683098E-12      0.43606990E-15     -0.79372666E+04
        105.     -0.92647695E+04     -0.15454626E-12     -0.21801020E+05      0.39688299E-12      0.82425009E-15     -0.79717324E+04
        106.     -0.92647314E+04     -0.15508939E-12     -0.20701291E+05      0.39693262E-12      0.12043381E-14     -0.80038091E+04
        107.     -0.92646982E+04     -0.15563080E-12     -0.19601422E+05      0.39697989E-12      0.15763260E-14     -0.80334966E+04
        108.     -0.92646680E+04     -0.15617051E-12     -0.18501420E+05      0.39702467E-12      0.19402056E-14     -0.80607935E+04
        109.     -0.92646406E+04     -0.15670858E-12     -0.17401291E+05      0.39706701E-12      0.22959698E-14     -0.80857007E+04
        110.     -0.92646172E+04     -0.15724499E-12     -0.16301045E+05      0.39710699E-12      0.26436108E-14     -0.81082168E+04
        111.     -0.92645967E+04     -0.15777977E-12     -0.15200688E+05      0.39714448E-12      0.29831215E-14     -0.81283418E+04
        112.     -0.92645801E+04     -0.15831295E-12     -0.14100227E+05      0.39717960E-12      0.33144948E-14     -0.81460752E+04
        113.     -0.92645674E+04     -0.15884456E-12     -0.12999669E+05      0.39721224E-12      0.36377240E-14     -0.81614165E+04
        114.     -0.92645576E+04     -0.15937463E-12     -0.11899023E+05      0.39724249E-12      0.39528025E-14     -0.81743657E+04
        115.     -0.92645518E+04     -0.15990315E-12     -0.10798298E+05      0.39727035E-12      0.42597236E-14     -0.81849229E+04
        116.     -0.92645488E+04     -0.16043018E-12     -0.96974980E+04      0.39729569E-12      0.45584814E-14     -0.81930869E+04
        117.     -0.92645498E+04     -0.16095571E-12     -0.85966318E+04      0.39731868E-12      0.48490701E-14     -0.81988584E+04
        118.     -0.92645537E+04     -0.16147980E-12     -0.74957075E+04      0.39733917E-12      0.51314840E-14     -0.82022373E+04
        119.     -0.92645615E+04     -0.16200244E-12     -0.63947324E+04      0.39735739E-12      0.54057168E-14     -0.82032227E+04
        120.     -0.92645732E+04     -0.16252365E-12     -0.52937134E+04      0.39737308E-12      0.56717640E-14     -0.82018145E+04
        121.     -0.92645879E+04     -0.16304349E-12     -0.41926587E+04      0.39738625E-12      0.59296198E-14     -0.81980137E+04
        122.     -0.92646064E+04     -0.16356195E-12     -0.30915754E+04      0.39739704E-12      0.61792798E-14     -0.81918188E+04
        123.     -0.92646279E+04     -0.16407908E-12     -0.19904712E+04      0.39740542E-12      0.64207393E-14     -0.81832310E+04
        124.     -0.92646533E+04     -0.16459487E-12     -0.88935333E+03      0.39741130E-12      0.66539931E-14     -0.81722500E+04
        125.     -0.92646816E+04     -0.16510938E-12      0.21177058E+03      0.39741482E-12      0.68790379E-14     -0.81588750E+04
        126.     -0.92647139E+04     -0.16562260E-12      0.13128931E+04      0.39741588E-12      0.70958686E-14     -0.81431074E+04
        127.     -0.92647500E+04     -0.16613458E-12      0.24140066E+04      0.39741444E-12      0.73044818E-14     -0.81249463E+04
        128.     -0.92647881E+04     -0.16664532E-12      0.35151035E+04      0.39741062E-12      0.75048737E-14     -0.81043921E+04
        129.     -0.92648301E+04     -0.16715485E-12      0.46161768E+04      0.39740441E-12      0.76970418E-14     -0.80814453E+04
        130.     -0.92648750E+04     -0.16766321E-12      0.57172188E+04      0.39739571E-12      0.78809809E-14     -0.80561055E+04
        131.     -0.92649238E+04     -0.16817041E-12      0.68182212E+04      0.39738457E-12      0.80566894E-14     -0.80283735E+04
        132.     -0.92649756E+04     -0.16867646E-12      0.79191777E+04      0.39737086E-12      0.82241639E-14     -0.79982490E+04
        133.     -0.92650303E+04     -0.16918140E-12      0.90200801E+04      0.39735484E-12      0.83834027E-14     -0.79657329E+04
        134.     -0.92650879E+04     -0.16968526E-12      0.10120922E+05      0.39733638E-12      0.85344024E-14     -0.79308252E+04
        135.     -0.92651494E+04     -0.17018806E-12      0.11221693E+05      0.39731545E-12      0.86771605E-14     -0.78935264E+04
        136.     -0.92652129E+04     -0.17068980E-12      0.12322390E+05      0.39729206E-12      0.88116753E-14     -0.78538364E+04
        137.     -0.92652793E+04     -0.17119052E-12      0.13423002E+05      0.39726618E-12      0.89379459E-14     -0.78117559E+04
        138.     -0.92653486E+04     -0.17169024E-12      0.14523522E+05      0.39723785E-12      0.90559697E-14     -0.77672856E+04
        139.     -0.92654219E+04     -0.17218900E-12      0.15623944E+05      0.39720722E-12      0.91657461E-14     -0.77204253E+04
        140.     -0.92654961E+04     -0.17268680E-12      0.16724260E+05      0.39717397E-12      0.92672731E-14     -0.76711763E+04
        141.     -0.92655742E+04     -0.17318368E-12      0.17824461E+05      0.39713830E-12      0.93605501E-14     -0.76195386E+04
        142.     -0.92656543E+04     -0.17367965E-12      0.18924543E+05      0.39710019E-12      0.94455769E-14     -0.75655132E+04
        143.     -0.92657373E+04     -0.17417475E-12      0.20024494E+05      0.39705964E-12      0.95223520E-14     -0.75091001E+04
        144.     -0.92658232E+04     -0.17466898E-12      0.21124311E+05      0.39701668E-12      0.95908761E-14     -0.74503003E+04
        145.     -0.92659102E+04     -0.17516239E-12      0.22223980E+05      0.39697117E-12      0.96511476E-14     -0.73891143E+04
        146.     -0.92660000E+04     -0.17565497E-12      0.23323502E+05      0.39692327E-12      0.97031681E-14     -0.73255425E+04
        147.     -0.92660928E+04     -0.17614678E-12      0.24422863E+05      0.39687283E-12      0.97469377E-14     -0.72595864E+04
        148.     -0.92661865E+04     -0.17663781E-12      0.25522059E+05      0.39682000E-12      0.97824564E-14     -0.71912456E+04
        149.     -0.92662822E+04     -0.17712811E-12      0.26621082E+05      0.39676473E-12      0.98097240E-14     -0.71205220E+04
        150.     -0.92663809E+04     -0.17761770E-12      0.27719922E+05      0.39670700E-12      0.98287433E-14     -0.70474160E+04
        151.     -0.92664805E+04     -0.17810659E-12      0.28818574E+05      0.39664677E-12      0.98395150E-14     -0.69719282E+04
        152.     -0.92665820E+04     -0.17859481E-12      0.29917031E+05      0.39658402E-12      0.98420392E-14     -0.68940596E+04
        153.     -0.92666855E+04     -0.17908238E-12      0.31015283E+05      0.39651889E-12      0.98363192E-14     -0.68138110E+04
        154.     -0.92667900E+04     -0.17956933E-12      0.32113324E+05      0.39645132E-12      0.98223550E-14     -0.67311831E+04
        155.     -0.92668965E+04     -0.18005568E-12      0.33211148E+05      0.39638131E-12      0.98001500E-14     -0.66461777E+04
        156.     -0.92670039E+04     -0.18054145E-12      0.34308746E+05      0.39630864E-12      0.97697060E-14     -0.65587949E+04
        157.     -0.92671123E+04     -0.18102666E-12      0.35406109E+05      0.39623369E-12      0.97310245E-14     -0.64690356E+04
        158.     -0.92672227E+04     -0.18151135E-12      0.36503230E+05      0.39615620E-12      0.96841099E-14     -0.63769019E+04
        159.     -0.92673330E+04     -0.18199553E-12      0.37600105E+05      0.39607635E-12      0.96289630E-14     -0.62823936E+04
        160.     -0.92674443E+04     -0.18247924E-12      0.38696723E+05      0.39599392E-12      0.95655880E-14     -0.61855127E+04
        161.     -0.92675566E+04     -0.18296246E-12      0.39793078E+05      0.39590905E-12      0.94939883E-14     -0.60862603E+04
        162.     -0.92676689E+04     -0.18344527E-12      0.40889164E+05      0.39582169E-12      0.94141664E-14     -0.59846367E+04
        163.     -0.92677822E+04     -0.18392766E-12      0.41984969E+05      0.39573198E-12      0.93261275E-14     -0.58806440E+04
        164.     -0.92678955E+04     -0.18440966E-12      0.43080492E+05      0.39563966E-12      0.92298732E-14     -0.57742832E+04
        165.     -0.92680098E+04     -0.18489129E-12      0.44175719E+05      0.39554495E-12      0.91254104E-14     -0.56655552E+04
        166.     -0.92681230E+04     -0.18537256E-12      0.45270645E+05      0.39544781E-12      0.90127406E-14     -0.55544614E+04
        167.     -0.92682363E+04     -0.18585354E-12      0.46365262E+05      0.39534801E-12      0.88918698E-14     -0.54410034E+04
        168.     -0.92683496E+04     -0.18633421E-12      0.47459566E+05      0.39524596E-12      0.87628023E-14     -0.53251821E+04
        169.     -0.92684629E+04     -0.18681461E-12      0.48553547E+05      0.39514130E-12      0.86255432E-14     -0.52069990E+04
        170.     -0.92685752E+04     -0.18729476E-12      0.49647195E+05      0.39503424E-12      0.84800975E-14     -0.50864556E+04
        171.     -0.92686875E+04     -0.18777468E-12      0.50740508E+05      0.39492471E-12      0.83264711E-14     -0.49635537E+04
        172.     -0.92687979E+04     -0.18825440E-12      0.51833477E+05      0.39481271E-12      0.81646683E-14     -0.48382939E+04
        173.     -0.92689082E+04     -0.18873394E-12      0.52926090E+05      0.39469819E-12      0.79946959E-14     -0.47106782E+04
        174.     -0.92690166E+04     -0.18921332E-12      0.54018344E+05      0.39458126E-12      0.78165590E-14     -0.45807080E+04
        175.     -0.92691240E+04     -0.18969257E-12      0.55110230E+05      0.39446181E-12      0.76302642E-14     -0.44483853E+04
        176.     -0.92692295E+04     -0.19017172E-12      0.56201742E+05      0.39433989E-12      0.74358185E-14     -0.43137109E+04
        177.     -0.92693340E+04     -0.19065077E-12      0.57292871E+05      0.39421556E-12      0.72332277E-14     -0.41766865E+04
        178.     -0.92694365E+04     -0.19112976E-12      0.58383609E+05      0.39408868E-12      0.70224982E-14     -0.40373145E+04
        179.     -0.92695371E+04     -0.19160872E-12      0.59473953E+05      0.39395933E-12      0.68036380E-14     -0.38955957E+04
        180.     -0.92696348E+04     -0.19208765E-12      0.60563891E+05      0.39382755E-12      0.65766535E-14     -0.37515320E+04
        181.     -0.92697314E+04     -0.19256660E-12      0.61653414E+05      0.39369322E-12      0.63415523E-14     -0.36051255E+04
        182.     -0.92698242E+04     -0.19304557E-12      0.62742520E+05      0.39355650E-12      0.60983425E-14     -0.34563777E+04
        183.     -0.92699150E+04     -0.19352460E-12      0.63831199E+05      0.39341723E-12      0.58470316E-14     -0.33052903E+04
        184.     -0.92700029E+04     -0.19400371E-12      0.64919445E+05      0.39327555E-12      0.55876273E-14     -0.31518652E+04
        185.     -0.92700879E+04     -0.19448291E-12      0.66007250E+05      0.39313141E-12      0.53201381E-14     -0.29961042E+04
        186.     -0.92701689E+04     -0.19496224E-12      0.67094602E+05      0.39298474E-12      0.50445729E-14     -0.28380090E+04
        187.     -0.92702471E+04     -0.19544171E-12      0.68181500E+05      0.39283561E-12      0.47609397E-14     -0.26775820E+04
        188.     -0.92703213E+04     -0.19592136E-12      0.69267930E+05      0.39268407E-12      0.44692474E-14     -0.25148247E+04
        189.     -0.92703926E+04     -0.19640120E-12      0.70353891E+05      0.39252995E-12      0.41695053E-14     -0.23497390E+04
        190.     -0.92704590E+04     -0.19688126E-12      0.71439375E+05      0.39237342E-12      0.38617223E-14     -0.21823271E+04
        191.     -0.92705215E+04     -0.19736156E-12      0.72524375E+05      0.39221442E-12      0.35459084E-14     -0.20125911E+04
        192.     -0.92705791E+04     -0.19784212E-12      0.73608875E+05      0.39205290E-12      0.32220731E-14     -0.18405328E+04
        193.     -0.92706328E+04     -0.19832297E-12      0.74692875E+05      0.39188889E-12      0.28902263E-14     -0.16661544E+04
        194.     -0.92706807E+04     -0.19880412E-12      0.75776375E+05      0.39172246E-12      0.25503779E-14     -0.14894580E+04
        195.     -0.92707236E+04     -0.19928562E-12      0.76859352E+05      0.39155354E-12      0.22025385E-14     -0.13104457E+04
        196.     -0.92707617E+04     -0.19976746E-12      0.77941805E+05      0.39138210E-12      0.18467184E-14     -0.11291198E+04
        197.     -0.92707949E+04     -0.20024969E-12      0.79023734E+05      0.39120825E-12      0.14829282E-14     -0.94548212E+03
        198.     -0.92708213E+04     -0.20073232E-12      0.80105117E+05      0.39103193E-12      0.11111791E-14     -0.75953522E+03
        199.     -0.92708428E+04     -0.20121537E-12      0.81185961E+05      0.39085304E-12      0.73148214E-15     -0.57128131E+03
        200.     -0.92708574E+04     -0.20169887E-12      0.82266250E+05      0.39067179E-12      0.34384853E-15     -0.38072256E+03
NS BraceMember_1.
    ElemID              NF [N]              My [Nmm]            Mz [Nmm]            Vy [N]              Vz [N]              T [N/mm]
        201.     -0.18596086E+03      0.19216567E-13      0.26283508E+05      0.27977702E-14     -0.24605941E-13     -0.20606106E+04
        202.     -0.18640729E+03      0.18853566E-13      0.25760410E+05      0.28361744E-14     -0.23300240E-13     -0.16817927E+04
        203.     -0.18679544E+03      0.18490550E-13      0.25237211E+05      0.28736027E-14     -0.22021347E-13     -0.13105352E+04
        204.     -0.18712828E+03      0.18127511E-13      0.24713910E+05      0.29100721E-14     -0.20769287E-13     -0.94684186E+03
        205.     -0.18740868E+03      0.17764446E-13      0.24190512E+05      0.29455747E-14     -0.19544016E-13     -0.59071649E+03
        206.     -0.18763948E+03      0.17401347E-13      0.23667018E+05      0.29801101E-14     -0.18345651E-13     -0.24216264E+03
        207.     -0.18782347E+03      0.17038212E-13      0.23143428E+05      0.30137199E-14     -0.17174154E-13      0.98816162E+02
        208.     -0.18796335E+03      0.16675031E-13      0.22619746E+05      0.30463953E-14     -0.16029541E-13      0.43221646E+03
        209.     -0.18806181E+03      0.16311801E-13      0.22095973E+05      0.30781448E-14     -0.14911825E-13      0.75803485E+03
        210.     -0.18812144E+03      0.15948516E-13      0.21572113E+05      0.31089826E-14     -0.13821020E-13      0.10762681E+04
        211.     -0.18814482E+03      0.15585169E-13      0.21048168E+05      0.31389067E-14     -0.12757136E-13      0.13869130E+04
        212.     -0.18813441E+03      0.15221755E-13      0.20524137E+05      0.31679236E-14     -0.11720186E-13      0.16899662E+04
        213.     -0.18809267E+03      0.14858264E-13      0.20000025E+05      0.31960459E-14     -0.10710180E-13      0.19854248E+04
        214.     -0.18802196E+03      0.14494694E-13      0.19475834E+05      0.32232960E-14     -0.97271299E-14      0.22732859E+04
        215.     -0.18792462E+03      0.14131035E-13      0.18951564E+05      0.32496758E-14     -0.87710440E-14      0.25535464E+04
        216.     -0.18780290E+03      0.13767282E-13      0.18427221E+05      0.32751884E-14     -0.78419327E-14      0.28262036E+04
        217.     -0.18765901E+03      0.13403429E-13      0.17902803E+05      0.32998411E-14     -0.69398049E-14      0.30912546E+04
        218.     -0.18749510E+03      0.13039468E-13      0.17378312E+05      0.33236503E-14     -0.60646682E-14      0.33486970E+04
        219.     -0.18731326E+03      0.12675393E-13      0.16853754E+05      0.33465954E-14     -0.52165312E-14      0.35985278E+04
        220.     -0.18711549E+03      0.12311197E-13      0.16329128E+05      0.33687307E-14     -0.43954005E-14      0.38407449E+04
        221.     -0.18690379E+03      0.11946874E-13      0.15804438E+05      0.33900122E-14     -0.36012830E-14      0.40753455E+04
        222.     -0.18668007E+03      0.11582416E-13      0.15279684E+05      0.34105004E-14     -0.28341843E-14      0.43023271E+04
        223.     -0.18644614E+03      0.11217817E-13      0.14754869E+05      0.34301976E-14     -0.20941100E-14      0.45216880E+04
        224.     -0.18620383E+03      0.10853071E-13      0.14229995E+05      0.34490595E-14     -0.13810652E-14      0.47334258E+04
        225.     -0.18595483E+03      0.10488170E-13      0.13705065E+05      0.34671375E-14     -0.69505411E-15      0.49375381E+04
        226.     -0.18570087E+03      0.10123109E-13      0.13180081E+05      0.34844282E-14     -0.36080560E-16      0.51340229E+04
        227.     -0.18544348E+03      0.97578805E-14      0.12655044E+05      0.35009511E-14      0.59585231E-15      0.53228779E+04
        228.     -0.18518425E+03      0.93924781E-14      0.12129956E+05      0.35167016E-14      0.12007418E-14      0.55041021E+04
        229.     -0.18492467E+03      0.90268953E-14      0.11604820E+05      0.35316948E-14      0.17785858E-14      0.56776929E+04
        230.     -0.18466615E+03      0.86611253E-14      0.11079639E+05      0.35459364E-14      0.23293827E-14      0.58436489E+04
        231.     -0.18441006E+03      0.82951622E-14      0.10554413E+05      0.35594264E-14      0.28531318E-14      0.60019683E+04
        232.     -0.18415770E+03      0.79289992E-14      0.10029145E+05      0.35721713E-14      0.33498323E-14      0.61526494E+04
        233.     -0.18391032E+03      0.75626312E-14      0.95038369E+04      0.35842110E-14      0.38194846E-14      0.62956909E+04
        234.     -0.18366908E+03      0.71960506E-14      0.89784912E+04      0.35955193E-14      0.42620889E-14      0.64310913E+04
        235.     -0.18343512E+03      0.68292514E-14      0.84531094E+04      0.36061064E-14      0.46776467E-14      0.65588491E+04
        236.     -0.18320947E+03      0.64622282E-14      0.79276943E+04      0.36159925E-14      0.50661600E-14      0.66789634E+04
        237.     -0.18299315E+03      0.60949746E-14      0.74022476E+04      0.36251913E-14      0.54276304E-14      0.67914326E+04
        238.     -0.18278708E+03      0.57274839E-14      0.68767715E+04      0.36336947E-14      0.57620615E-14      0.68962554E+04
        239.     -0.18259213E+03      0.53597513E-14      0.63512681E+04      0.36415001E-14      0.60694557E-14      0.69934312E+04
        240.     -0.18240912E+03      0.49917697E-14      0.58257393E+04      0.36486677E-14      0.63498176E-14      0.70829590E+04
        241.     -0.18223877E+03      0.46235340E-14      0.53001875E+04      0.36551619E-14      0.66031516E-14      0.71648374E+04
        242.     -0.18208177E+03      0.42550382E-14      0.47746143E+04      0.36610102E-14      0.68294623E-14      0.72390659E+04
        243.     -0.18193875E+03      0.38862765E-14      0.42490225E+04      0.36661894E-14      0.70287552E-14      0.73056440E+04
        244.     -0.18181029E+03      0.35172429E-14      0.37234136E+04      0.36707342E-14      0.72010362E-14      0.73645708E+04
        245.     -0.18169684E+03      0.31479317E-14      0.31977898E+04      0.36746580E-14      0.73463117E-14      0.74158457E+04
        246.     -0.18159885E+03      0.27783375E-14      0.26721533E+04      0.36779577E-14      0.74645897E-14      0.74594683E+04
        247.     -0.18151672E+03      0.24084543E-14      0.21465063E+04      0.36806288E-14      0.75558761E-14      0.74954380E+04
        248.     -0.18145071E+03      0.20382768E-14      0.16208508E+04      0.36827239E-14      0.76201803E-14      0.75237549E+04
        249.     -0.18140109E+03      0.16677992E-14      0.10951888E+04      0.36841986E-14      0.76575099E-14      0.75444180E+04
        250.     -0.18136806E+03      0.12970159E-14      0.56952246E+03      0.36850846E-14      0.76678750E-14      0.75574272E+04
        251.     -0.18135170E+03      0.92592125E-15      0.43853828E+02      0.36854077E-14      0.76512842E-14      0.75627827E+04
        252.     -0.18135210E+03      0.55450980E-15     -0.48181497E+03      0.36851342E-14      0.76077484E-14      0.75604844E+04
        253.     -0.18136922E+03      0.18277596E-15     -0.10074819E+04      0.36843100E-14      0.75372778E-14      0.75505327E+04
        254.     -0.18140303E+03     -0.18928586E-15     -0.15331448E+04      0.36829361E-14      0.74398834E-14      0.75329268E+04
        255.     -0.18145337E+03     -0.56168115E-15     -0.20588015E+04      0.36810167E-14      0.73155771E-14      0.75076675E+04
        256.     -0.18152007E+03     -0.93441562E-15     -0.25844502E+04      0.36785586E-14      0.71643707E-14      0.74747554E+04
        257.     -0.18160284E+03     -0.13074947E-14     -0.31100884E+04      0.36755695E-14      0.69862774E-14      0.74341899E+04
        258.     -0.18170140E+03     -0.16809239E-14     -0.36357144E+04      0.36720509E-14      0.67813098E-14      0.73859717E+04
        259.     -0.18181534E+03     -0.20547090E-14     -0.41613257E+04      0.36680431E-14      0.65494819E-14      0.73301021E+04
        260.     -0.18194421E+03     -0.24288555E-14     -0.46869209E+04      0.36635039E-14      0.62908082E-14      0.72665806E+04
        261.     -0.18208754E+03     -0.28033690E-14     -0.52124971E+04      0.36584933E-14      0.60053031E-14      0.71954087E+04
        262.     -0.18224472E+03     -0.31782552E-14     -0.57380527E+04      0.36529854E-14      0.56929817E-14      0.71165864E+04
        263.     -0.18241515E+03     -0.35535201E-14     -0.62635854E+04      0.36469982E-14      0.53538602E-14      0.70301152E+04
        264.     -0.18259808E+03     -0.39291686E-14     -0.67890933E+04      0.36405561E-14      0.49879543E-14      0.69359951E+04
        265.     -0.18279283E+03     -0.43052072E-14     -0.73145737E+04      0.36336528E-14      0.45952812E-14      0.68342280E+04
        266.     -0.18299852E+03     -0.46816413E-14     -0.78400254E+04      0.36262937E-14      0.41758585E-14      0.67248145E+04
        267.     -0.18321431E+03     -0.50584769E-14     -0.83654463E+04      0.36184892E-14      0.37297033E-14      0.66077559E+04
        268.     -0.18343924E+03     -0.54357196E-14     -0.88908330E+04      0.36102535E-14      0.32568343E-14      0.64830527E+04
        269.     -0.18367230E+03     -0.58133752E-14     -0.94161846E+04      0.36015913E-14      0.27572708E-14      0.63507070E+04
        270.     -0.18391241E+03     -0.61914500E-14     -0.99414990E+04      0.35925221E-14      0.22310316E-14      0.62107197E+04
        271.     -0.18415846E+03     -0.65699501E-14     -0.10466774E+05      0.35830480E-14      0.16781370E-14      0.60630928E+04
        272.     -0.18440926E+03     -0.69488804E-14     -0.10992007E+05      0.35731632E-14      0.10986076E-14      0.59078267E+04
        273.     -0.18466356E+03     -0.73282487E-14     -0.11517196E+05      0.35629039E-14      0.49246411E-15      0.57449243E+04
        274.     -0.18492003E+03     -0.77080591E-14     -0.12042340E+05      0.35522580E-14     -0.14027167E-15      0.55743862E+04
        275.     -0.18517732E+03     -0.80883185E-14     -0.12567436E+05      0.35412518E-14     -0.79957771E-15      0.53962144E+04
        276.     -0.18543396E+03     -0.84690335E-14     -0.13092481E+05      0.35298730E-14     -0.14854313E-14      0.52104111E+04
        277.     -0.18568849E+03     -0.88502102E-14     -0.13617475E+05      0.35181492E-14     -0.21978095E-14      0.50169780E+04
        278.     -0.18593935E+03     -0.92318536E-14     -0.14142414E+05      0.35060830E-14     -0.29366882E-14      0.48159165E+04
        279.     -0.18618489E+03     -0.96139713E-14     -0.14667297E+05      0.34936621E-14     -0.37020435E-14      0.46072295E+04
        280.     -0.18642345E+03     -0.99965685E-14     -0.15192121E+05      0.34809306E-14     -0.44938503E-14      0.43909189E+04
        281.     -0.18665331E+03     -0.10379652E-13     -0.15716886E+05      0.34678768E-14     -0.53120833E-14      0.41669863E+04
        282.     -0.18687263E+03     -0.10763227E-13     -0.16241587E+05      0.34545150E-14     -0.61567166E-14      0.39354348E+04
        283.     -0.18707959E+03     -0.11147302E-13     -0.16766225E+05      0.34408600E-14     -0.70277239E-14      0.36962664E+04
        284.     -0.18727225E+03     -0.11531881E-13     -0.17290793E+05      0.34268996E-14     -0.79250783E-14      0.34494832E+04
        285.     -0.18744865E+03     -0.11916971E-13     -0.17815295E+05      0.34126739E-14     -0.88487516E-14      0.31950881E+04
        286.     -0.18760672E+03     -0.12302578E-13     -0.18339725E+05      0.33981691E-14     -0.97987168E-14      0.29330837E+04
        287.     -0.18774442E+03     -0.12688708E-13     -0.18864082E+05      0.33833861E-14     -0.10774944E-13      0.26634724E+04
        288.     -0.18785954E+03     -0.13075367E-13     -0.19388363E+05      0.33683629E-14     -0.11777406E-13      0.23862571E+04
        289.     -0.18794987E+03     -0.13462561E-13     -0.19912568E+05      0.33530841E-14     -0.12806071E-13      0.21014407E+04
        290.     -0.18801317E+03     -0.13850297E-13     -0.20436693E+05      0.33375493E-14     -0.13860910E-13      0.18090260E+04
        291.     -0.18804709E+03     -0.14238580E-13     -0.20960738E+05      0.33218025E-14     -0.14941892E-13      0.15090160E+04
        292.     -0.18804929E+03     -0.14627415E-13     -0.21484697E+05      0.33058256E-14     -0.16048984E-13      0.12014137E+04
        293.     -0.18801724E+03     -0.15016810E-13     -0.22008572E+05      0.32896360E-14     -0.17182157E-13      0.88622217E+03
        294.     -0.18794849E+03     -0.15406769E-13     -0.22532359E+05      0.32732426E-14     -0.18341377E-13      0.56344470E+03
        295.     -0.18784047E+03     -0.15797297E-13     -0.23056057E+05      0.32566471E-14     -0.19526613E-13      0.23308463E+03
        296.     -0.18769057E+03     -0.16188399E-13     -0.23579662E+05      0.32398494E-14     -0.20737830E-13     -0.10485478E+03
        297.     -0.18749609E+03     -0.16580080E-13     -0.24103172E+05      0.32228890E-14     -0.21974994E-13     -0.45037006E+03
        298.     -0.18725433E+03     -0.16972348E-13     -0.24626588E+05      0.32057510E-14     -0.23238069E-13     -0.80345770E+03
        299.     -0.18696249E+03     -0.17365204E-13     -0.25149904E+05      0.31884292E-14     -0.24527020E-13     -0.11641141E+04
        300.     -0.18661774E+03     -0.17758654E-13     -0.25673121E+05      0.31709693E-14     -0.25841818E-13     -0.15323357E+04
